4527	920	2480	1107	624.8414	35.3299	226.2739	27.2440	281.7320	189.7188	0.0002	0.0000	-0.4971	0.0044	0.0002	0.0001	4273.9469	72.4671	2635.8894	178.9593	0.0000	0.1369
4597	952	2593	1141	660.1639	36.7884	236.5469	28.7338	0.0000	351.6654	0.0001	0.0000	-0.5003	0.0042	0.0003	0.0001	4314.2040	73.3472	3086.9518	76.4903	0.1110	0.0310
4611	926	2507	1073	538.2003	34.4818	180.0034	26.5759	0.0001	365.3175	0.0000	0.0000	-0.4968	0.0044	0.0002	0.0001	4302.8526	72.8528	3066.0302	75.9513	0.0946	0.0308
4589	929	2603	1054	566.5628	33.5250	196.0176	26.3075	661.9080	176.0263	0.0001	0.0000	-0.4932	0.0043	0.0002	0.0001	4264.4843	71.0521	2485.4449	171.0349	0.0000	0.0141
4649	961	2622	1097	633.4402	35.7954	225.7069	27.8155	529.9132	190.7951	0.0002	0.0000	-0.4985	0.0043	0.0001	0.0001	4294.7842	73.2968	2613.5016	176.8263	0.0000	0.0665
4588	977	2475	1026	580.0578	34.8463	148.8731	25.8652	0.0000	217.6433	0.0001	0.0000	-0.4986	0.0043	0.0002	0.0001	4358.1516	73.1421	2987.8573	71.7224	0.0666	0.0312
4621	953	2505	1108	608.9231	35.2084	227.7297	27.8844	0.0000	258.1806	0.0001	0.0000	-0.4940	0.0045	0.0001	0.0001	4350.8519	72.9784	3001.3644	72.6033	0.0701	0.0311
4592	944	2520	1034	540.4854	34.9792	147.0492	27.0101	611.8946	211.2990	0.0001	0.0000	-0.4976	0.0045	0.0003	0.0001	4325.9011	74.0846	2481.4962	186.3749	0.0000	0.0026
4567	984	2541	1127	635.0313	35.9100	237.5659	27.8702	313.6790	308.3194	0.0001	0.0000	-0.4939	0.0046	0.0001	0.0001	4340.0715	73.1804	2714.9469	307.0608	0.0000	0.0367
4617	971	2546	1068	620.5151	35.5150	182.8676	26.9482	520.6168	192.6264	0.0000	0.0000	-0.4907	0.0047	0.0003	0.0001	4353.3520	73.2531	2518.7752	179.1028	0.0000	0.0945
4613	1005	2516	1101	659.1916	36.3732	206.8088	27.1349	231.2926	961.3790	0.0002	0.0000	-0.4909	0.0048	0.0000	0.0001	4284.2434	73.3062	2846.6959	942.0119	0.0587	0.1462
4592	951	2511	1079	572.1877	34.7718	220.8459	28.1000	408.8397	327.1546	0.0002	0.0000	-0.4828	0.0051	0.0001	0.0001	4324.3513	73.0910	2629.7900	325.9557	0.0000	0.0497
4641	998	2473	1054	609.4069	35.6642	186.7801	26.9595	240.8498	792.1057	0.0002	0.0000	-0.5005	0.0042	0.0001	0.0001	4381.4571	73.5256	2763.4855	793.6414	0.0466	0.1310
4630	963	2584	1051	563.4420	34.6690	206.7776	27.5089	626.4518	182.7861	0.0001	0.0000	-0.4928	0.0046	0.0002	0.0001	4373.1598	73.4851	2493.2957	169.3030	0.0000	0.0572
4631	1005	2450	1115	588.5321	33.8105	221.2090	27.3698	405.5210	185.2404	0.0002	0.0000	-0.5000	0.0040	0.0002	0.0001	4389.6052	72.9245	2589.7607	172.0687	0.0000	0.0105
4631	937	2566	1051	560.6250	34.9806	234.3435	28.4469	154.3294	1419.4893	0.0001	0.0000	-0.4963	0.0044	0.0001	0.0001	4383.3495	73.7693	2880.3319	938.0462	0.0661	0.1435
4626	989	2543	1078	562.1221	34.6882	202.8638	27.1875	0.0004	888.0716	0.0002	0.0000	-0.4912	0.0047	0.0001	0.0001	4308.4726	73.1378	3195.9234	91.5878	0.1475	0.0303
4586	944	2559	1118	580.9476	35.0750	220.3968	28.3067	731.2043	187.3754	0.0002	0.0000	-0.4962	0.0044	0.0001	0.0001	4376.5770	73.5469	2301.6678	172.4095	0.0000	0.0797
4607	984	2678	1109	610.9910	34.5098	189.4777	27.6415	543.2835	190.5524	0.0001	0.0000	-0.4945	0.0040	0.0001	0.0001	4303.2759	70.4656	2722.2727	180.0740	0.0000	0.0094
4645	927	2565	1039	554.5968	33.3893	170.8632	24.9815	618.1140	186.5221	0.0001	0.0000	-0.4992	0.0040	0.0003	0.0001	4358.6591	71.0372	2515.1040	175.7839	0.0000	0.0152
4614	948	2465	1051	575.3103	33.3699	199.0248	26.4300	546.2181	182.1687	0.0002	0.0000	-0.5006	0.0040	0.0001	0.0001	4414.9206	71.8440	2401.4772	169.4305	0.0000	0.0253
4656	948	2499	1101	655.8011	35.9409	170.8311	26.7347	248.9024	212.2269	0.0001	0.0000	-0.5027	0.0041	0.0002	0.0001	4448.4530	74.0892	2714.7747	201.6800	0.0000	0.2643
4656	968	2514	1067	599.9413	33.9605	213.9642	27.1094	389.3186	185.1687	0.0002	0.0000	-0.4944	0.0038	0.0002	0.0001	4437.8908	71.3115	2635.2072	172.2169	0.0000	0.0106
4648	952	2513	1093	568.5821	35.1633	221.9785	27.9429	467.3221	719.7977	0.0001	0.0000	-0.4990	0.0043	0.0001	0.0001	4407.2563	73.9887	2559.6361	721.2435	0.0420	0.1325
4640	923	2468	1109	589.4653	35.3417	246.2111	28.7045	0.0009	661.8001	0.0001	0.0000	-0.4972	0.0043	0.0001	0.0001	4413.5308	73.7105	2937.3297	82.8007	0.1036	0.0320
4661	973	2550	1140	610.3361	35.7380	219.0915	27.6578	545.6995	189.2221	0.0002	0.0000	-0.4935	0.0045	0.0002	0.0001	4405.8455	73.7174	2536.6432	175.7210	0.0000	0.0806
4640	933	2461	1049	586.1595	34.2175	198.0910	26.5710	192.4003	173.1798	0.0001	0.0000	-0.4969	0.0039	0.0001	0.0001	4460.8531	71.9639	2638.8686	165.6885	0.0000	0.0118
4629	930	2451	1059	583.7023	34.8594	269.0137	28.5103	0.0011	1113.4812	0.0001	0.0000	-0.4942	0.0045	0.0002	0.0001	4319.7449	72.6599	2866.8614	89.9764	0.0569	0.0330
4654	972	2470	1058	604.4420	34.1782	175.6954	26.1329	398.9088	178.6132	0.0001	0.0000	-0.4923	0.0043	0.0001	0.0001	4463.7439	71.5265	2490.3335	168.3684	0.0000	0.0150
4694	934	2527	1106	575.1728	35.9576	225.1947	29.4460	174.4461	215.2038	0.0001	0.0000	-0.4965	0.0045	0.0002	0.0001	4475.5211	75.3618	2799.0296	191.0311	0.0000	0.0021
4615	983	2528	1099	552.8777	34.7331	269.1865	29.2949	69.7514	3121.7405	0.0001	0.0000	-0.4947	0.0044	0.0002	0.0001	4380.2151	73.6177	2963.8155	934.9051	0.0670	0.1369
4647	948	2447	1095	578.2014	35.0770	238.0005	28.1320	0.0002	251.9076	0.0001	0.0000	-0.4846	0.0051	0.0001	0.0001	4318.0639	72.8722	2987.2225	72.3720	0.1073	0.0310
4650	959	2459	1062	589.4936	35.3067	160.0491	27.3224	429.6040	209.2729	0.0002	0.0000	-0.4961	0.0045	0.0001	0.0001	4371.4125	74.6347	2592.5975	185.6529	0.0000	0.0024
4660	960	2513	1066	573.9418	35.2553	218.8271	27.8527	409.2014	702.5637	0.0001	0.0000	-0.4940	0.0045	0.0001	0.0001	4342.4835	73.5067	2655.1655	702.0534	0.0746	0.1159
4708	1005	2562	1134	572.0458	35.1300	178.0216	27.2703	0.0000	361.0102	0.0001	0.0000	-0.4898	0.0047	0.0002	0.0001	4432.9746	73.9574	3173.7746	76.7800	0.1161	0.0301
4678	929	2507	1161	622.0107	34.3647	227.6422	26.3229	387.9686	64.4475	0.0002	0.0000	-0.4974	0.0042	0.0002	0.0001	4357.4893	71.3879	2621.6959	62.6422	0.0412	0.0322
4627	975	2496	1106	591.7292	34.3664	223.7040	27.0970	504.9661	155.5768	0.0001	0.0000	-0.4949	0.0044	0.0002	0.0001	4352.5294	71.5192	2535.8838	160.8581	0.0000	0.0151
4691	954	2502	1036	563.1115	34.3671	204.3000	27.4425	0.0000	711.3194	0.0002	0.0000	-0.4988	0.0042	0.0002	0.0001	4419.8666	73.4911	3031.4541	84.7940	0.0710	0.0316
4631	954	2530	1109	659.1831	36.4572	216.2329	27.8594	327.5626	241.5509	0.0002	0.0000	-0.4939	0.0045	0.0002	0.0001	4380.6777	73.4650	2664.9210	239.1346	0.0000	0.0140
4647	925	2492	1084	585.0872	34.7924	227.2715	28.1683	0.0000	1155.6548	0.0000	0.0000	-0.4881	0.0048	0.0001	0.0001	4423.2122	73.7194	2954.0292	93.9798	0.0800	0.0326
4663	995	2461	1071	546.1334	33.0511	191.4098	26.5318	645.8152	188.2190	0.0002	0.0000	-0.4976	0.0039	0.0002	0.0001	4390.7804	71.5917	2424.6650	177.2203	0.0000	0.0152
4667	973	2569	1107	598.7116	34.7090	261.7155	29.4216	580.2943	183.9051	0.0001	0.0000	-0.4998	0.0040	0.0002	0.0001	4374.6401	71.0560	2473.1281	171.4708	0.0000	0.0144
4653	1022	2507	1107	626.3107	36.0071	227.5783	28.5031	601.5443	191.5065	0.0002	0.0000	-0.5027	0.0041	0.0002	0.0001	4393.0673	73.9987	2423.6779	181.5465	0.0000	0.0045
4662	957	2492	1080	574.6953	35.1261	236.9919	28.2223	0.0000	338.1231	0.0001	0.0000	-0.4891	0.0048	0.0001	0.0001	4382.7145	73.5950	3027.4411	75.2731	0.1124	0.0311
4669	902	2459	1124	663.4054	36.4769	216.4598	27.7167	476.7858	608.4784	0.0001	0.0000	-0.4944	0.0045	0.0001	0.0001	4359.5753	73.6107	2447.6437	607.2723	0.0698	0.1106
4645	965	2506	1127	682.0589	37.2419	175.9927	26.7512	298.9002	1018.1568	0.0001	0.0000	-0.4916	0.0046	0.0001	0.0001	4447.8062	74.2364	2657.9630	1021.2646	0.0910	0.1594
4678	908	2520	1111	616.2767	34.8613	190.8925	25.6343	434.8051	181.6411	0.0002	0.0000	-0.4860	0.0049	0.0001	0.0001	4427.5637	72.1174	2551.2577	170.4303	0.0000	0.0110
4695	939	2486	1146	636.3272	35.3889	206.5504	27.8190	321.5763	179.4248	0.0002	0.0000	-0.4896	0.0047	0.0001	0.0001	4420.8173	71.9748	2687.8218	169.2249	0.0000	0.0084
4659	931	2502	1058	536.7933	33.8635	215.6863	27.4101	0.0000	323.1194	0.0001	0.0000	-0.4985	0.0043	0.0000	0.0000	4436.3692	73.7276	3027.2017	73.6217	0.0844	0.0300
4691	961	2519	1100	605.5571	35.6702	216.3864	28.2212	0.0000	309.5988	0.0001	0.0000	-0.4977	0.0043	0.0002	0.0001	4391.8905	73.4372	3073.7172	74.5395	0.1114	0.0306
4669	942	2478	1086	586.2823	35.5548	222.0368	28.1318	0.0000	554.4485	0.0001	0.0000	-0.4916	0.0046	0.0003	0.0001	4417.0509	73.7742	3009.2636	80.9093	0.1174	0.0312
4665	981	2507	1090	559.8361	35.2939	221.0306	28.2506	0.0000	510.7851	0.0001	0.0000	-0.4988	0.0043	0.0002	0.0001	4388.2349	73.7908	3106.2982	80.1042	0.1349	0.0306
4682	1002	2455	1078	579.7040	33.7628	179.3253	25.7634	400.2597	189.0441	0.0001	0.0000	-0.4951	0.0043	0.0001	0.0001	4450.0958	72.6544	2621.5283	175.0974	0.0000	0.0096
4692	924	2478	1069	595.2008	35.1034	229.3637	27.7472	359.5308	498.5948	0.0001	0.0000	-0.4878	0.0048	0.0002	0.0001	4438.7825	73.8556	2517.3799	496.6404	0.0000	6.5059
4720	974	2516	1098	591.1612	34.8944	216.0896	27.7850	334.4463	239.4884	0.0001	0.0000	-0.4998	0.0042	0.0002	0.0001	4420.6003	73.7715	2721.9441	231.1528	0.0000	0.4895
4648	949	2555	1094	530.7899	33.2398	240.1447	28.4131	729.5867	183.2342	0.0001	0.0000	-0.4884	0.0048	0.0002	0.0001	4412.4431	71.8417	2362.2078	172.8073	0.0000	0.0211
4673	935	2476	1051	567.1889	33.7628	162.8321	25.5239	753.4298	186.9349	0.0001	0.0000	-0.5002	0.0040	0.0002	0.0001	4383.3295	71.5177	2308.2745	171.6749	0.0000	0.0284
4627	976	2510	1131	624.9782	36.3833	197.9086	27.7897	554.4032	718.6132	0.0002	0.0000	-0.4930	0.0046	0.0002	0.0001	4344.6393	73.3966	2534.1858	720.5141	0.0659	0.1278
4642	918	2566	1020	562.4998	34.5781	208.7494	27.5701	76.4298	2826.2516	0.0002	0.0000	-0.4907	0.0047	0.0001	0.0001	4406.5040	73.5735	2919.5250	929.9759	0.0665	0.1381
4649	996	2554	1059	546.0834	694.7908	193.2707	5511.1823	572.2871	1704.0647	0.0001	0.0001	-0.4951	0.0904	0.0002	0.0005	4389.0599	200.2140	2555.8610	2214.3310	0.0214	1.0991
4666	939	2513	1121	551.4610	34.3114	175.4424	27.0487	0.0008	258.2839	0.0001	0.0000	-0.5003	0.0042	0.0001	0.0001	4340.0723	73.2673	3133.7553	74.2607	0.1021	0.0303
4689	952	2524	1043	586.6532	35.1576	169.1726	26.1035	0.0000	1320.0578	0.0002	0.0000	-0.4898	0.0047	0.0001	0.0001	4389.3558	73.2514	3010.3547	101.4576	0.0548	0.0329
4702	926	2450	1078	577.9735	5880.7730	219.3015	5963.8560	482.1386	11929.3547	0.0001	0.3070	-0.4898	0.0895	0.0002	0.9251	4427.4217	13389.2865	2449.1638	11464.2969	0.0238	1.1970
4665	984	2502	1069	550.8208	34.4200	266.4680	29.1729	0.0003	696.1450	0.0001	0.0000	-0.5045	0.0039	0.0002	0.0001	4446.7506	73.7083	2969.1960	82.9021	0.0603	0.0322
4696	958	2492	1075	598.8429	34.8584	241.9194	28.2169	504.1447	221.2311	0.0002	0.0000	-0.4961	0.0044	0.0001	0.0001	4405.8999	73.8725	2469.2314	209.7160	0.0000	0.3804
4640	979	2529	1062	631.5702	35.5224	192.5712	26.5337	0.0000	350.7355	0.0002	0.0000	-0.4976	0.0043	0.0000	0.0000	4413.0890	73.6918	3019.4144	74.2228	0.0406	0.0304
4669	956	2482	1120	647.8281	36.0778	197.9798	27.1980	553.0409	162.6446	0.0002	0.0000	-0.4988	0.0042	0.0001	0.0001	4406.1048	73.5760	2419.6419	149.4449	0.0000	0.1622
4669	946	2522	1100	611.7698	35.6402	202.8469	27.6462	0.0000	167.9425	0.0001	0.0000	-0.4964	0.0044	0.0001	0.0001	4444.7523	73.8471	2992.0395	70.9318	0.0853	0.0311
4701	883	2518	1092	589.2096	34.7445	168.7357	26.7494	468.2185	195.9232	0.0002	0.0000	-0.5002	0.0041	0.0002	0.0001	4461.8981	74.0013	2508.3320	183.7012	0.0000	0.1902
4688	968	2521	1079	597.2989	34.9951	270.7440	29.6511	617.9827	164.2245	0.0001	0.0000	-0.4906	0.0046	0.0003	0.0001	4350.4686	72.8217	2391.4162	163.5878	0.0000	0.0176
4699	934	2568	1070	608.2482	35.6154	218.1233	27.5837	0.0001	421.2562	0.0001	0.0000	-0.4911	0.0047	0.0001	0.0001	4384.4314	73.5392	3037.0148	76.9722	0.0710	0.0312
4679	884	2457	1057	548.0002	33.7771	285.3596	28.5995	181.1301	189.3708	0.0001	0.0000	-0.4950	0.0044	0.0001	0.0001	4353.9087	73.2547	2708.7742	177.2766	0.0000	0.0806
4697	987	2481	1075	599.6331	33.3977	187.7489	25.6477	602.9688	177.9992	0.0001	0.0000	-0.4997	0.0041	0.0001	0.0001	4401.3241	72.8406	2414.1275	167.4710	0.0000	0.0207
4717	960	2492	1004	514.1783	33.4692	202.4152	27.1384	558.6838	247.2798	0.0002	0.0000	-0.5055	0.0039	0.0001	0.0001	4425.7648	73.9546	2476.1896	236.7352	0.0000	0.5692
4712	915	2499	1090	566.1238	34.3816	212.9905	26.8576	496.0962	507.1104	0.0002	0.0000	-0.5011	0.0041	0.0000	0.0001	4383.9567	73.5720	2559.7907	503.9359	0.0290	0.0948
4672	912	2539	1070	579.1738	35.0687	203.6517	27.6591	0.0001	830.4000	0.0002	0.0000	-0.4960	0.0044	0.0001	0.0001	4384.5434	73.3928	3033.7321	87.4719	0.0732	0.0318
4677	992	2555	1109	589.6244	34.9871	250.1532	28.6785	492.6168	163.3919	0.0002	0.0000	-0.4942	0.0044	0.0002	0.0001	4460.0170	74.3529	2556.4065	149.5700	0.0000	0.1712
4713	994	2496	1083	555.3734	34.4061	201.5875	27.7235	909.6856	197.2766	0.0001	0.0000	-0.4990	0.0043	0.0002	0.0001	4379.1115	73.8906	2254.1179	182.3887	0.0000	0.1685
4715	943	2549	1140	647.3418	36.2402	234.6589	28.5315	0.0002	587.2492	0.0002	0.0000	-0.4916	0.0046	0.0002	0.0001	4498.4578	74.2243	2984.3326	81.5377	0.0237	0.0323
4659	944	2552	1080	511.6790	33.7563	258.9930	28.2782	687.8211	189.2217	0.0002	0.0000	-0.4922	0.0046	0.0001	0.0001	4403.0237	73.7296	2365.0036	173.9804	0.0000	0.0774
4695	989	2479	1105	651.5482	36.2966	199.9102	27.1444	0.0001	322.8272	0.0001	0.0000	-0.4970	0.0044	0.0002	0.0001	4363.3421	73.2899	3005.1928	74.2919	0.1046	0.0310
4711	938	2522	1159	643.4101	36.1160	311.8768	30.2767	107.8974	215.7444	0.0001	0.0000	-0.4993	0.0043	0.0002	0.0001	4401.9942	73.7527	2858.4794	205.6190	0.0000	0.2235
4665	968	2511	1052	588.0984	34.9248	220.6680	27.5334	809.1537	183.5824	0.0002	0.0000	-0.4891	0.0050	0.0001	0.0001	4393.1063	74.1617	2246.4769	169.8013	0.0000	0.0553
4669	980	2576	1103	540.5636	33.6695	241.7413	28.2811	380.8481	184.4081	0.0002	0.0000	-0.4932	0.0046	0.0001	0.0001	4379.9968	72.1025	2768.2176	172.1625	0.0000	0.0056
4715	959	2582	1148	553.6265	33.8916	237.8439	28.8552	743.6252	191.9978	0.0001	0.0000	-0.4845	0.0050	0.0002	0.0001	4405.5483	72.5675	2456.0433	176.6510	0.0000	0.0177
4690	937	2427	1057	597.5777	35.4436	217.0996	27.7649	0.0000	793.1797	0.0001	0.0000	-0.4918	0.0045	0.0001	0.0001	4371.2660	73.2887	2938.3939	86.2193	0.0970	0.0321
4709	937	2579	1078	631.3460	36.8346	225.5881	29.2937	370.8753	212.1152	0.0001	0.0000	-0.4931	0.0047	0.0002	0.0001	4458.8305	75.2795	2646.6651	187.4673	0.0000	0.0023
4708	937	2524	1073	651.9494	35.4702	150.3404	25.7000	527.6393	189.7305	0.0002	0.0000	-0.4898	0.0047	0.0001	0.0001	4418.9879	73.9123	2509.7992	176.5707	0.0000	0.1107
4676	892	2493	1067	580.4892	35.7097	179.4835	26.8622	327.0504	779.6617	0.0001	0.0000	-0.4897	0.0047	0.0003	0.0001	4466.5595	73.9935	2588.3097	786.6021	0.0459	0.1422
4682	979	2507	1085	582.0191	36.0247	229.4174	28.9627	526.1242	206.4743	0.0002	0.0000	-0.4937	0.0046	0.0003	0.0001	4439.4809	74.8992	2488.9083	183.0334	0.0000	0.0025
4700	957	2544	1072	580.6611	35.0101	192.6188	28.0242	0.0001	917.8079	0.0001	0.0000	-0.4904	0.0046	0.0001	0.0001	4450.2163	74.0899	3071.4532	92.2450	0.1292	0.0315
4712	958	2478	1130	588.8567	34.7207	250.1463	28.5432	372.3810	160.5608	0.0001	0.0000	-0.4980	0.0044	0.0001	0.0001	4440.2769	73.8890	2597.1465	151.6936	0.0002	0.0015
4683	945	2590	1143	644.0538	35.8671	236.8640	28.6085	529.5572	171.3398	0.0002	0.0000	-0.4904	0.0044	0.0001	0.0001	4400.6840	71.9125	2560.4606	167.7288	0.0000	0.0146
4692	968	2486	1077	623.0293	35.4472	193.1227	27.3964	164.0087	364.6547	0.0001	0.0000	-0.4953	0.0044	0.0001	0.0001	4386.0919	73.5219	2818.1310	364.5437	0.0000	0.0504
4682	965	2500	1114	690.8792	36.7566	167.9602	27.2111	649.6505	177.4887	0.0001	0.0000	-0.4893	0.0048	0.0002	0.0001	4370.3779	73.7586	2398.8320	163.5577	0.0000	0.0949
4684	994	2472	1076	568.7085	34.7126	300.5447	29.9348	0.0000	875.6075	0.0002	0.0000	-0.5027	0.0041	0.0001	0.0001	4431.0722	73.7741	2925.0837	87.3705	0.0587	0.0327
4690	977	2545	1060	665.2649	36.6182	205.0058	27.8636	340.2582	834.1370	0.0000	0.0000	-0.4918	0.0046	0.0001	0.0001	4400.5998	73.9684	2707.0902	836.5557	0.0495	0.1419
4695	934	2478	1072	591.6640	35.1342	220.9933	27.8811	0.0003	868.2325	0.0001	0.0000	-0.4919	0.0045	0.0001	0.0001	4438.7644	73.6542	2932.4866	89.0141	0.0623	0.0326
4700	951	2517	1048	621.3110	34.2053	163.3649	24.7446	609.7399	166.8084	0.0001	0.0000	-0.4940	0.0044	0.0002	0.0001	4454.9781	71.9660	2367.2540	165.8891	0.0000	0.0208
4643	961	2511	1066	569.3226	34.8341	229.6480	27.9084	591.7342	184.8405	0.0002	0.0000	-0.4983	0.0043	0.0002	0.0001	4357.7491	73.6824	2422.7309	170.5235	0.0000	0.0431
4684	951	2467	1123	644.6555	36.2332	246.7391	28.6134	0.0000	1747.0259	0.0001	0.0000	-0.4940	0.0045	0.0001	0.0001	4406.1433	73.6072	2932.1873	111.3111	0.1162	0.0333
4711	958	2491	1108	606.1211	36.2792	236.7402	29.3582	246.3234	213.1933	0.0002	0.0000	-0.4890	0.0049	0.0002	0.0001	4404.4481	74.9468	2745.9928	189.1631	0.0000	0.0022
4718	978	2498	1029	532.1132	34.4577	216.5945	28.3793	551.2529	740.4638	0.0001	0.0000	-0.4906	0.0047	0.0002	0.0001	4390.7128	73.6793	2528.0589	741.1942	0.0630	0.1318
4736	970	2481	1106	672.0345	36.6356	225.4593	27.8252	231.9415	198.9988	0.0002	0.0000	-0.4944	0.0044	0.0002	0.0001	4511.3829	74.4060	2685.8046	188.4442	0.0000	0.1820
4676	917	2603	1102	586.0713	33.6189	232.6403	28.4495	621.9914	169.4784	0.0002	0.0000	-0.4892	0.0047	0.0001	0.0001	4428.7397	73.0065	2456.0741	171.0369	0.0000	0.0198
4679	953	2508	1036	571.8655	36.9565	150.9847	27.0072	250.2623	899.0542	0.0001	0.0000	-0.4937	0.0044	0.0001	0.0001	4526.6791	74.0301	2746.6779	923.6358	0.0000	1.1616
4705	918	2548	1108	646.4579	37.5735	268.3305	29.8515	265.1266	2536.0974	0.0001	0.0000	-0.4966	0.0045	0.0001	0.0001	4378.9011	74.1362	2723.2250	1644.5960	0.0443	0.4260
4700	927	2475	1120	647.0014	35.8464	185.1274	26.6951	678.4235	214.6787	0.0001	0.0000	-0.4987	0.0042	0.0002	0.0001	4446.7539	73.9088	2283.4259	202.6613	0.0000	0.3820
4735	969	2519	1119	580.6693	35.3089	258.5681	29.6013	729.9221	189.0178	0.0001	0.0000	-0.4962	0.0045	0.0002	0.0001	4382.8919	74.1601	2380.6635	174.1426	0.0000	0.0032
4676	978	2519	1074	535.0773	34.1031	236.1114	28.0334	750.6188	194.0123	0.0001	0.0000	-0.4992	0.0043	0.0003	0.0001	4404.6111	73.7197	2302.0497	180.0884	0.0000	0.1860
4691	962	2584	1061	584.7246	35.1930	206.6578	27.5996	634.5253	383.5961	0.0002	0.0000	-0.4928	0.0046	0.0001	0.0001	4453.9384	74.1813	2398.3716	383.4111	0.0000	0.0998
4696	960	2487	1054	593.9826	34.7869	244.7755	27.7068	0.0006	415.6963	0.0001	0.0000	-0.4970	0.0043	0.0000	0.0000	4399.0197	73.8936	2979.6084	76.5535	0.1038	0.0314
4701	947	2510	1095	608.4071	35.7762	197.8785	27.3870	0.0000	343.5888	0.0002	0.0000	-0.5039	0.0040	0.0002	0.0001	4385.6775	73.4246	3015.4945	74.6384	0.0753	0.0310
4701	933	2512	1044	550.2361	34.7479	234.4675	28.6800	0.0000	484.7298	0.0002	0.0000	-0.4962	0.0044	0.0002	0.0001	4396.9222	73.7006	3043.9382	78.8136	0.1318	0.0310
4691	934	2478	1060	569.8828	33.4423	221.0709	27.1325	441.1454	186.1601	0.0001	0.0000	-0.4942	0.0039	0.0001	0.0001	4385.0314	71.4130	2518.7527	172.5561	0.0000	0.0148
4684	971	2463	1095	623.4720	35.4246	193.3325	27.0899	0.0000	3217.4426	0.0002	0.0000	-0.4959	0.0043	0.0001	0.0001	4466.2157	74.0166	2929.6245	144.8778	0.1074	0.0358
4699	929	2499	1132	601.0845	35.3503	192.6635	27.1936	0.0001	1016.4780	0.0001	0.0000	-0.4869	0.0049	0.0001	0.0001	4460.6417	74.0629	3075.5079	95.2061	0.1234	0.0315
4655	942	2642	1064	492.9995	31.7814	204.8048	27.8196	912.4756	185.2654	0.0002	0.0000	-0.4933	0.0045	0.0003	0.0001	4367.3234	72.0515	2330.2542	176.3059	0.0000	0.0358
4648	953	2583	1124	593.5910	35.2377	193.9929	28.1832	1062.1309	195.5209	0.0002	0.0000	-0.4977	0.0043	0.0002	0.0001	4401.3186	73.9730	2038.3858	178.3995	0.0000	0.1535
4648	980	2514	1069	610.6124	36.1392	207.3322	27.9962	184.2892	1184.5603	0.0002	0.0000	-0.4932	0.0046	0.0002	0.0001	4395.7953	73.8360	2843.4299	935.1349	0.0582	0.1472
4687	899	2508	1086	601.9506	33.8758	206.8110	27.3333	295.1686	175.6298	0.0002	0.0000	-0.4940	0.0037	0.0002	0.0001	4461.1046	72.9375	2615.2892	166.0310	0.0000	0.0125
4708	903	2639	1098	507.2889	34.2602	206.0312	27.5191	175.3130	1282.0864	0.0001	0.0000	-0.4973	0.0043	0.0002	0.0001	4473.2523	74.1927	2952.8202	950.8178	0.1093	0.1301
4718	979	2517	1112	576.5750	33.4434	245.3946	28.2664	388.5552	181.6010	0.0001	0.0000	-0.4941	0.0037	0.0002	0.0001	4513.3613	72.4153	2581.6489	168.5966	0.0000	0.0145
4690	928	2501	1089	610.2783	34.2552	214.1598	27.6266	547.0364	184.0553	0.0001	0.0000	-0.5049	0.0039	0.0002	0.0001	4456.6620	71.9763	2408.1043	171.5698	0.0000	0.0109
4690	946	2470	1068	544.0390	35.0533	217.9967	28.5382	245.2541	1111.4780	0.0002	0.0000	-0.4921	0.0045	0.0002	0.0001	4470.6309	74.3292	2716.8205	1050.3884	0.0579	0.1735
4704	975	2523	1102	625.3376	35.8250	225.3093	27.9243	0.0000	415.9250	0.0002	0.0000	-0.4994	0.0042	0.0002	0.0001	4461.5333	73.8959	2973.6900	76.5822	0.0718	0.0318
4706	974	2591	1108	575.9324	34.8287	193.2072	26.6720	604.6934	166.8455	0.0001	0.0000	-0.4947	0.0043	0.0003	0.0001	4433.4692	72.0531	2542.1552	166.0479	0.0000	0.0100
4673	932	2545	1064	551.0266	34.2259	201.6857	26.5894	0.0003	611.5259	0.0001	0.0000	-0.4879	0.0049	0.0001	0.0001	4376.9520	73.3447	3091.2576	83.3039	0.0883	0.0310
4681	961	2492	1036	555.7050	34.7480	202.7143	27.7097	157.0219	1399.0996	0.0002	0.0000	-0.4955	0.0045	0.0002	0.0001	4386.8236	73.5492	2883.2020	938.8904	0.1025	0.1326
4705	934	2573	1112	569.1635	34.3114	246.8157	29.0618	337.8509	193.4471	0.0001	0.0000	-0.5074	0.0039	0.0003	0.0001	4400.6657	71.4105	2754.8605	181.3883	0.0000	0.0089
4715	975	2574	1124	653.0819	36.4499	215.9611	27.6617	0.0000	533.1083	0.0002	0.0000	-0.4952	0.0044	0.0001	0.0001	4486.4140	74.4169	3065.5623	80.7185	0.0905	0.0311
4670	915	2487	1058	591.9524	34.6674	189.2046	26.9425	192.2828	551.3290	0.0001	0.0000	-0.4983	0.0042	0.0001	0.0001	4401.0663	73.7932	2745.7982	548.6979	0.0156	0.1486
4694	961	2492	1067	600.4024	33.9074	261.5864	27.3808	163.3560	160.4949	0.0002	0.0000	-0.5010	0.0039	0.0001	0.0001	4435.0876	70.4415	2765.0612	157.5294	0.0012	0.1628
4753	983	2485	1080	611.6865	35.9352	215.4852	30.2781	349.0289	214.7801	0.0001	0.0000	-0.4948	0.0046	0.0002	0.0001	4496.9517	75.5590	2642.2183	189.3988	0.0000	0.0024
4647	975	2608	1082	575.0278	34.4183	215.2636	27.7997	367.3921	289.3811	0.0002	0.0000	-0.4960	0.0044	0.0001	0.0001	4406.2458	73.8390	2730.1159	287.2827	0.0000	0.0289
4685	970	2515	1037	546.0442	33.7754	215.9059	26.9140	322.2815	273.6982	0.0001	0.0000	-0.4861	0.0049	0.0001	0.0001	4423.1162	73.6912	2712.5665	266.4927	0.0000	0.6988
4692	935	2504	1091	596.4917	35.3418	230.4515	28.0685	132.7179	1654.1908	0.0002	0.0000	-0.4898	0.0047	0.0001	0.0001	4378.2539	73.5960	2887.0121	939.7010	0.0721	0.1419
4708	979	2545	1150	587.2766	35.0815	245.3809	28.5153	0.0002	733.2337	0.0001	0.0000	-0.4956	0.0044	0.0001	0.0001	4434.8446	73.9044	3122.4112	85.2624	0.1014	0.0307
4722	922	2449	1134	650.9061	36.0806	209.3882	27.9212	0.0000	1176.6659	0.0001	0.0000	-0.4977	0.0043	0.0001	0.0001	4418.4919	73.7709	2937.5534	97.2752	0.1066	0.0327
4722	977	2588	1106	576.5538	35.0694	239.9677	28.5346	0.0006	1812.2112	0.0001	0.0000	-0.4937	0.0045	0.0001	0.0001	4436.0113	73.9285	3114.2628	110.6933	0.0701	0.0328
4703	952	2485	1126	621.7419	35.9219	240.0712	28.7931	0.0002	306.7646	0.0001	0.0000	-0.4957	0.0045	0.0001	0.0001	4424.0724	73.9214	2978.0771	74.0182	0.1392	0.0311
4720	933	2544	1096	591.9991	35.4233	180.3713	27.5370	0.0000	205.8234	0.0001	0.0000	-0.4935	0.0045	0.0002	0.0001	4403.5060	73.6528	3128.9992	72.8433	0.1430	0.0300
4722	972	2502	1084	583.5257	35.3073	257.2087	28.7287	303.7315	712.9343	0.0001	0.0000	-0.4913	0.0046	0.0002	0.0001	4443.4730	74.4003	2698.7812	710.0466	0.0524	0.1159
4657	952	2557	1092	580.9164	34.2974	206.5271	26.8598	405.1314	184.9214	0.0001	0.0000	-0.4946	0.0045	0.0001	0.0001	4412.1812	73.5748	2615.6047	173.7599	0.0000	0.0965
4686	944	2433	996	557.6115	33.3149	183.1260	25.6921	502.2428	143.1421	0.0001	0.0000	-0.4903	0.0046	0.0001	0.0001	4427.5132	72.7497	2381.2445	125.2854	0.0001	nan
4713	966	2471	1070	592.3917	34.5411	237.7449	28.1401	255.8976	185.4924	0.0001	0.0000	-0.4877	0.0048	0.0002	0.0001	4449.5260	73.6967	2673.8788	173.7531	0.0000	0.0595
4648	972	2483	1087	580.6865	34.3443	244.5382	27.9230	278.5530	185.2385	0.0002	0.0000	-0.5023	0.0040	0.0001	0.0001	4378.2057	72.3388	2659.8518	169.3545	0.0000	0.0117
4660	985	2428	1104	561.9493	34.7880	240.6937	28.2492	0.0000	169.5100	0.0001	0.0000	-0.4940	0.0045	0.0001	0.0001	4379.2967	73.4284	3013.8832	71.1868	0.1116	0.0309
4661	1002	2561	1120	615.7303	35.4468	244.2401	28.2383	0.0000	271.3563	0.0001	0.0000	-0.4882	0.0048	0.0000	0.0000	4364.6363	73.4660	3098.1813	73.5956	0.0901	0.0300
4701	961	2453	1093	584.0014	35.1060	158.9002	26.3669	68.0283	3180.9249	0.0002	0.0000	-0.4992	0.0042	0.0002	0.0001	4428.9294	73.7301	2948.0575	933.1127	0.1253	0.1215
4691	954	2441	1038	543.3990	34.3630	189.7942	27.4461	514.5486	579.9414	0.0000	0.0000	-0.4959	0.0045	0.0003	0.0001	4345.7518	73.0794	2512.3055	580.1405	0.0576	0.1043
4691	1025	2571	1118	595.8541	35.6377	292.5963	30.3293	675.6020	189.8612	0.0002	0.0000	-0.5000	0.0042	0.0002	0.0001	4453.5853	74.3483	2407.2534	175.1013	0.0000	0.0915
4700	961	2489	1099	581.9390	35.4584	235.3941	28.4357	321.9308	928.4098	0.0002	0.0000	-0.4867	0.0049	0.0001	0.0001	4400.7227	73.7907	2695.8725	932.2336	0.0715	0.1512
4701	926	2520	1072	578.4658	34.0675	217.7409	27.8543	491.9506	179.6113	0.0001	0.0000	-0.4905	0.0046	0.0002	0.0001	4458.1908	72.5344	2518.0384	169.0116	0.0000	0.0121
4732	946	2504	1079	598.0460	35.3190	212.1314	27.5589	643.0766	454.4613	0.0001	0.0000	-0.4888	0.0047	0.0003	0.0001	4411.9945	73.9776	2346.0264	451.1803	0.0000	1.0743
4732	959	2553	1017	519.0598	33.8917	237.1642	28.3175	0.0000	194.9930	0.0002	0.0000	-0.5011	0.0040	0.0001	0.0001	4561.6820	74.5454	2952.4703	70.6788	0.0478	0.0313
4713	971	2513	1101	609.0674	35.6515	246.0606	29.9952	195.5769	208.0700	0.0001	0.0000	-0.4961	0.0045	0.0002	0.0001	4448.8081	74.6974	2744.8246	186.2618	0.0000	0.0021
4748	937	2479	1022	554.1331	34.5671	216.6377	27.7951	0.0005	332.0032	0.0002	0.0000	-0.5003	0.0041	0.0002	0.0001	4524.0449	74.1429	2867.9987	73.4284	0.0344	0.0325
4684	965	2596	1073	570.2331	35.0544	213.7766	28.1939	0.0001	299.8397	0.0002	0.0000	-0.4945	0.0045	0.0002	0.0001	4403.0286	73.6535	3126.5634	74.9936	0.1200	0.0303
4737	909	2518	1027	530.7198	34.6028	235.9480	28.9880	332.6058	788.3636	0.0002	0.0000	-0.4947	0.0045	0.0002	0.0001	4441.3671	74.0979	2645.3959	790.8782	0.0695	0.1324
4739	933	2556	1061	557.6317	35.2203	236.4621	28.2688	211.4938	1437.0121	0.0002	0.0000	-0.4988	0.0042	0.0002	0.0001	4452.8357	74.4931	2846.6695	1104.5631	0.0536	0.1723
4756	993	2579	1117	606.7135	36.0141	192.5048	27.1031	657.4340	659.0814	0.0002	0.0000	-0.4910	0.0047	0.0002	0.0001	4402.2117	74.0802	2549.5038	660.8319	0.0509	0.1208
4781	940	2535	1085	572.6466	34.8080	250.6917	28.9441	648.1226	193.2742	0.0001	0.0000	-0.4910	0.0046	0.0002	0.0001	4465.9596	74.1533	2384.1349	179.3256	0.0000	0.1500
4687	944	2492	1061	531.7081	34.1641	230.3439	27.7267	0.0000	1483.1679	0.0001	0.0000	-0.4861	0.0049	0.0001	0.0001	4422.9348	73.7555	3052.3426	103.5874	0.1470	0.0318
4719	962	2485	1016	515.8919	34.5099	195.6433	27.6516	185.0537	1203.0770	0.0002	0.0000	-0.4940	0.0045	0.0001	0.0001	4380.3746	73.6923	2883.2229	945.1223	0.1253	0.1272
4752	922	2446	1117	541.3450	7375.4810	222.3104	7723.1621	30.0357	11858.2680	0.0001	0.0003	-0.4983	0.1042	0.0001	0.0025	4473.7689	2672.4430	2981.3134	4748.3921	0.1243	1.5803
4681	935	2591	1127	588.9443	1158.8324	208.3987	6312.5915	383.2671	2213.5065	0.0001	0.0001	-0.4939	0.0973	0.0001	0.0004	4419.9257	334.6473	2687.5034	2299.4766	0.0249	1.0219
4696	936	2572	1057	607.7754	35.4413	199.5600	27.6004	0.0000	340.7180	0.0002	0.0000	-0.4933	0.0045	0.0001	0.0001	4374.0749	73.6544	3041.6530	75.2205	0.1097	0.0309
4712	967	2540	1140	573.6802	34.7184	239.9673	28.2915	0.0000	724.9365	0.0001	0.0000	-0.4926	0.0045	0.0001	0.0001	4461.5842	74.0289	3070.3700	86.0435	0.0937	0.0312
4716	904	2600	1157	602.3359	35.8255	238.6298	28.8831	66.1488	3299.3132	0.0001	0.0000	-0.4921	0.0046	0.0002	0.0001	4504.4158	74.3747	2973.9738	939.4736	0.0987	0.1294
4721	974	2494	1083	593.3564	35.3868	199.5100	27.2765	438.3908	583.2661	0.0002	0.0000	-0.4972	0.0044	0.0002	0.0001	4418.0348	73.9852	2644.3372	582.3254	0.0424	0.1035
4731	936	2610	1084	566.4624	35.0959	257.0421	28.9986	0.0015	4169.3794	0.0001	0.0000	-0.5000	0.0041	0.0002	0.0001	4489.2032	74.3275	3069.1166	168.6351	0.0651	0.0380
4702	961	2449	1097	595.8184	35.3234	190.6188	26.3416	0.0003	598.8385	0.0001	0.0000	-0.4967	0.0043	0.0001	0.0001	4432.0205	73.7184	2980.9192	81.5565	0.0531	0.0319
4728	905	2516	1091	603.3787	34.6501	143.6554	25.2352	463.5115	182.7122	0.0001	0.0000	-0.5037	0.0039	0.0003	0.0001	4518.7087	71.9446	2508.1777	171.2138	0.0000	0.0145
4733	1028	2516	1047	567.8090	33.7983	255.1113	28.3020	389.0975	186.8225	0.0001	0.0000	-0.4944	0.0045	0.0001	0.0001	4414.4372	73.0836	2692.5737	173.4539	0.0000	0.0087
4746	998	2523	1131	628.8760	35.9129	233.4172	28.4315	0.0000	1327.2869	0.0001	0.0000	-0.4992	0.0042	0.0002	0.0001	4483.7083	74.3026	3021.0009	101.7165	0.0786	0.0328
4733	976	2531	1109	640.1615	36.2021	244.4009	28.8337	637.8649	191.0803	0.0001	0.0000	-0.4946	0.0044	0.0002	0.0001	4457.5202	74.2248	2382.5486	177.5778	0.0000	0.1494
4737	947	2514	1041	575.0464	35.3174	189.9252	27.0498	0.0000	322.9322	0.0001	0.0000	-0.4964	0.0044	0.0002	0.0001	4455.1431	73.8765	3042.9617	74.8584	0.0854	0.0311
4752	960	2580	1114	638.0900	36.2071	222.3066	27.8468	0.0000	268.2132	0.0002	0.0000	-0.4945	0.0044	0.0001	0.0001	4497.5645	74.4179	3041.8165	73.4915	0.0892	0.0309
4689	1016	2489	1102	600.6947	35.5710	197.4950	28.3368	0.0001	1042.2554	0.0001	0.0000	-0.4993	0.0043	0.0002	0.0001	4399.3147	73.7004	3096.7725	96.0050	0.1058	0.0316
4690	940	2598	1129	623.0932	35.9036	220.4561	28.4646	0.0000	270.8753	0.0001	0.0000	-0.4902	0.0046	0.0002	0.0001	4413.8315	73.6452	3055.0327	73.8062	0.0795	0.0312
4700	929	2572	1077	596.2892	34.9560	212.8204	27.4347	647.3545	184.0429	0.0002	0.0000	-0.4906	0.0047	0.0001	0.0001	4401.8471	73.6864	2397.2289	170.5478	0.0000	0.0546
4725	901	2550	1103	587.3155	34.1468	211.8467	27.4185	26.3474	8065.2411	0.0002	0.0000	-0.4941	0.0044	0.0002	0.0001	4477.2417	74.1056	2988.3461	927.7102	0.1092	0.1206
4751	914	2562	1045	553.2164	34.9389	202.1748	27.1087	0.0000	427.1890	0.0002	0.0000	-0.4931	0.0045	0.0002	0.0001	4488.0203	74.0520	2965.0824	76.4595	0.1022	0.0314
4718	971	2507	1035	584.4438	35.2048	246.2213	28.6586	266.4236	986.8388	0.0002	0.0000	-0.4947	0.0045	0.0000	0.0001	4435.1429	74.1610	2703.2195	991.3088	0.0623	0.1624
4719	936	2522	1092	571.5490	34.8766	213.6006	27.6726	0.0000	796.0416	0.0002	0.0000	-0.4966	0.0043	0.0002	0.0001	4494.4277	74.2315	3042.9855	88.0460	0.1125	0.0314
4684	927	2552	1081	561.5107	34.8369	268.7202	28.7595	0.0000	140.8401	0.0001	0.0000	-0.4970	0.0044	0.0002	0.0001	4379.8173	73.4418	3030.9318	71.1412	0.0936	0.0308
4690	1000	2551	1111	576.6543	35.0716	210.0428	28.2485	530.2052	429.9597	0.0001	0.0000	-0.4980	0.0043	0.0002	0.0001	4430.7576	74.1479	2582.1918	427.4689	0.0000	1.2713
4741	950	2583	1081	590.4558	35.2271	263.6674	28.9495	0.0000	248.9112	0.0000	0.0000	-0.5031	0.0040	0.0001	0.0001	4425.4150	73.8896	3077.9436	72.9644	0.0727	0.0306
4727	918	2526	1045	516.7747	33.8762	197.7387	27.3741	341.7115	736.6094	0.0001	0.0000	-0.4964	0.0044	0.0003	0.0001	4519.9059	74.3754	2644.6091	738.5952	0.0671	0.1240
4737	958	2531	1118	609.7738	34.4990	254.1291	28.8478	412.8073	196.3151	0.0002	0.0000	-0.4969	0.0038	0.0001	0.0001	4476.3234	73.3749	2614.4399	183.1922	0.0000	0.0183
4747	952	2538	1050	565.2015	34.6321	227.5129	28.3738	481.0322	199.8743	0.0001	0.0000	-0.4926	0.0046	0.0002	0.0001	4412.5601	74.0142	2561.8363	187.2723	0.0000	0.1989
4758	974	2526	1038	603.6120	35.6524	159.4575	26.6851	453.0093	762.0853	0.0001	0.0000	-0.4925	0.0046	0.0001	0.0001	4384.9853	73.8246	2686.7550	763.6192	0.1012	0.1180
4694	972	2465	1078	635.7710	35.3765	203.7289	27.4273	219.2936	335.0329	0.0001	0.0000	-0.4924	0.0046	0.0001	0.0001	4385.5982	73.4443	2788.6879	335.1369	0.0000	0.0442
4726	909	2398	1108	601.9025	36.9036	226.9671	35.4753	69.9273	10975.2331	0.0001	0.0000	-0.4927	0.0880	0.0001	0.0001	4367.8896	192.6293	2877.3613	1786.8023	0.1475	0.3024
4747	938	2523	1077	588.0526	33.5722	213.7685	27.9253	599.7960	183.4890	0.0002	0.0000	-0.4892	0.0048	0.0002	0.0001	4400.8781	72.5241	2484.2291	171.1208	0.0000	0.0143
4764	981	2517	1108	620.1592	35.1876	281.1053	28.5851	413.2053	234.9822	0.0002	0.0000	-0.4924	0.0045	0.0001	0.0001	4462.5658	73.1696	2549.7901	229.1081	0.0046	0.0801
4704	965	2528	1039	544.6459	34.4365	241.9077	28.2094	0.0000	896.9164	0.0002	0.0000	-0.4932	0.0046	0.0001	0.0001	4420.1016	73.8251	2985.7368	89.3562	0.1175	0.0319
4721	963	2641	1097	556.2872	34.0481	230.4446	28.3733	513.6922	186.5279	0.0001	0.0000	-0.4921	0.0045	0.0002	0.0001	4403.8601	72.2891	2679.7601	174.6716	0.0000	0.0102
4727	932	2520	1085	612.8991	35.7969	237.1368	28.5774	0.0000	364.4181	0.0001	0.0000	-0.4925	0.0045	0.0002	0.0001	4478.9671	74.2514	2959.0977	75.4290	0.1140	0.0317
4743	943	2561	1089	525.3863	34.2786	215.9441	28.0340	798.3286	202.9152	0.0001	0.0000	-0.4930	0.0045	0.0002	0.0001	4468.8172	74.4820	2320.9886	188.5097	0.0000	0.2272
4687	909	2502	1127	604.3621	35.4735	287.9044	29.3718	0.0001	3176.4287	0.0001	0.0000	-0.5017	0.0041	0.0002	0.0001	4436.9291	73.6173	2874.8758	138.7601	0.0439	0.0374
4698	957	2488	1094	555.7777	34.5520	261.2789	29.1454	488.7139	219.1239	0.0001	0.0000	-0.4942	0.0044	0.0002	0.0001	4459.8305	74.2240	2477.6882	208.2375	0.0000	0.3888
4716	959	2529	1116	633.9057	35.6568	221.8552	28.0977	662.7024	185.9136	0.0001	0.0000	-0.4967	0.0043	0.0001	0.0001	4381.0046	73.7492	2387.7944	171.1167	0.0000	0.0394
4720	982	2534	1066	552.1018	34.5496	225.4896	28.6490	135.5126	1640.0612	0.0001	0.0000	-0.4963	0.0044	0.0002	0.0001	4412.0049	74.1259	2946.4027	945.0473	0.0869	0.1349
4722	916	2503	1100	578.5600	43.5070	208.6493	29.7199	512.3999	2055.8059	0.0002	0.0000	-0.4933	0.0045	0.0002	0.0002	4457.8356	74.0310	2491.2321	2096.5975	0.0000	6.9366
4748	938	2485	1071	620.3786	36.2587	194.7360	27.8043	169.1124	1295.9372	0.0001	0.0000	-0.4964	0.0044	0.0002	0.0001	4452.4018	74.4290	2839.0804	936.6475	0.0914	0.1373
4729	982	2595	1114	620.5726	102.0255	214.6102	37.0867	1.8144	11710.5077	0.0002	0.0001	-0.4937	0.0878	0.0001	0.0001	4470.7460	224.1856	3091.2493	330.9696	0.1089	0.2697
4746	946	2459	1099	650.4035	35.8314	196.2294	27.2212	676.9967	236.9524	0.0002	0.0000	-0.4961	0.0043	0.0003	0.0001	4447.6794	74.1754	2263.9398	225.9736	0.0000	0.5434
4747	1011	2559	1069	590.4491	33.8878	222.7368	28.2926	560.1128	172.0488	0.0001	0.0000	-0.4910	0.0044	0.0004	0.0001	4426.0714	71.9901	2539.8391	169.8784	0.0000	0.0150
4713	1003	2551	1152	650.4489	36.9237	221.1036	28.4920	163.6510	1383.5017	0.0002	0.0000	-0.4919	0.0045	0.0001	0.0001	4515.3806	74.8912	2924.9809	953.4727	0.1119	0.1304
4670	994	2594	1074	598.7549	35.6075	182.1621	27.3915	0.0000	197.6865	0.0002	0.0000	-0.4914	0.0046	0.0002	0.0001	4432.1512	73.9329	3133.3270	72.5674	0.0960	0.0300
4718	955	2511	1071	587.4320	35.4308	202.7732	27.4839	339.4013	850.5535	0.0001	0.0000	-0.4940	0.0045	0.0001	0.0001	4407.7295	73.9389	2690.4096	854.2776	0.0658	0.1410
4722	939	2571	1047	613.5871	35.5383	213.9507	27.8774	636.2790	184.7414	0.0001	0.0000	-0.4932	0.0045	0.0001	0.0001	4405.7924	73.9171	2426.4996	171.0134	0.0000	0.0501
4736	931	2448	1118	636.9422	35.9974	189.8380	27.6089	0.0000	164.3660	0.0001	0.0000	-0.4928	0.0045	0.0002	0.0001	4429.3287	73.6446	2936.4019	70.4557	0.1185	0.0313
4739	1020	2543	1058	597.1906	35.3828	184.5823	26.4740	127.3049	1793.2704	0.0001	0.0000	-0.4953	0.0044	0.0001	0.0001	4440.6627	74.0498	3025.7400	956.0069	0.0978	0.1300
4769	1013	2566	1092	635.2817	38.0976	211.2282	28.7973	691.5049	912.9299	0.0001	0.0000	-0.4914	0.0046	0.0002	0.0001	4452.0035	73.9454	2368.5107	935.9143	0.0000	9.9752
4780	926	2470	1045	583.5546	2682.6386	179.1728	4668.2696	374.5755	6943.6534	0.0001	0.0002	-0.4929	0.0903	0.0000	0.0011	4513.3084	370.9542	2610.5743	5555.8474	0.0245	1.1528
4685	985	2524	1098	635.3069	35.8285	208.5447	27.8189	497.9417	386.0607	0.0002	0.0000	-0.4964	0.0043	0.0002	0.0001	4449.7489	74.0650	2467.0179	384.2762	0.0165	0.0836
4730	942	2552	1072	635.5808	35.9778	165.0485	26.3771	0.0002	273.2954	0.0002	0.0000	-0.4958	0.0043	0.0001	0.0001	4489.2111	74.0610	2997.6662	73.0733	0.0688	0.0313
4738	965	2428	1011	532.3494	34.6027	283.1864	29.1038	133.6433	1564.5100	0.0001	0.0000	-0.4994	0.0042	0.0002	0.0001	4513.9119	74.4014	2723.4410	916.7399	0.0722	0.1463
4739	946	2577	1057	594.0758	35.1415	233.5997	27.7966	0.0005	965.2342	0.0001	0.0000	-0.5021	0.0041	0.0001	0.0001	4422.4267	73.7515	3033.8147	93.1285	0.0874	0.0319
4683	940	2513	1032	584.3434	34.9695	225.3764	27.5930	0.0010	828.8360	0.0001	0.0000	-0.4935	0.0045	0.0001	0.0001	4399.9667	73.3557	2962.8522	84.8967	0.0846	0.0318
4733	965	2535	1079	600.5687	34.3394	172.1365	25.9826	651.1326	181.4207	0.0002	0.0000	-0.5004	0.0040	0.0001	0.0001	4467.4925	72.7333	2404.3430	170.6602	0.0000	0.0294
4736	940	2567	1120	642.0768	36.0663	213.7746	27.1368	0.0000	1347.0062	0.0001	0.0000	-0.4985	0.0043	0.0001	0.0001	4430.0921	73.7762	3071.0383	99.8972	0.0656	0.0322
4750	942	2554	1062	541.1775	34.7039	218.3557	27.4949	254.2906	1043.3778	0.0002	0.0000	-0.4980	0.0043	0.0000	0.0004	4478.4658	74.4331	2752.4034	1031.6683	0.0712	0.1628
4753	960	2476	1044	556.9810	34.3346	238.8961	28.6217	573.8995	167.0929	0.0002	0.0000	-0.4963	0.0044	0.0001	0.0001	4445.9206	73.9935	2439.5814	155.1548	0.0000	0.1251
4773	964	2472	1121	630.1199	35.7064	239.7563	28.6527	0.0000	420.5749	0.0001	0.0000	-0.4996	0.0042	0.0001	0.0001	4545.5755	74.5420	2939.4707	76.2951	0.0747	0.0318
4720	942	2508	1082	565.9630	34.6379	207.0623	27.2786	129.8625	1659.4390	0.0002	0.0000	-0.4996	0.0041	0.0002	0.0001	4483.7059	74.3600	2845.0126	931.8549	0.0752	0.1423
4729	941	2570	1091	601.3305	34.3311	210.9892	27.6696	513.5848	187.0058	0.0002	0.0000	-0.4860	0.0049	0.0002	0.0001	4458.7755	72.1466	2554.2196	174.4622	0.0000	0.0151
4737	955	2484	1060	532.8468	34.5107	218.1800	28.2416	205.6606	417.6124	0.0001	0.0000	-0.4945	0.0044	0.0002	0.0001	4406.1224	73.7993	2861.5849	425.4941	0.1079	0.0700
4750	984	2484	1112	583.7737	35.3080	217.7634	27.6295	0.0001	2393.0912	0.0001	0.0000	-0.4926	0.0046	0.0001	0.0001	4389.8131	73.3794	3068.5814	122.4710	0.1339	0.0328
4750	958	2517	1109	589.0398	35.1502	251.9637	28.5608	541.6849	184.4645	0.0002	0.0000	-0.4932	0.0045	0.0003	0.0001	4473.2286	74.2892	2423.4915	171.4406	0.0000	0.0731
4750	951	2519	1122	645.6257	37.0089	173.2034	27.2228	464.0015	722.4222	0.0001	0.0000	-0.5044	0.0040	0.0003	0.0001	4499.8360	74.5917	2583.2191	727.6282	0.0375	0.1348
4752	939	2516	1092	585.0344	35.2296	270.2723	28.5581	457.4457	33.2566	0.0002	0.0000	-0.4986	0.0041	0.0002	0.0001	4455.5890	74.0085	2528.9332	nan	0.0000	nan
4700	978	2565	1079	593.1584	35.5821	214.3479	28.1736	0.0000	421.6611	0.0001	0.0000	-0.4974	0.0043	0.0002	0.0001	4458.2036	74.0944	3060.1436	77.7277	0.1225	0.0308
4719	964	2543	1014	546.8313	34.4002	226.5057	28.6709	432.2286	395.2117	0.0001	0.0000	-0.4934	0.0045	0.0002	0.0001	4378.9769	73.6055	2645.5214	396.3270	0.0000	0.0927
4719	960	2547	1051	625.1306	35.8202	194.4740	27.2093	140.6734	1531.4101	0.0001	0.0000	-0.4962	0.0043	0.0001	0.0001	4493.4132	74.4527	2813.1099	928.5249	0.0757	0.1418
4724	1013	2562	1089	659.7905	36.7515	180.8330	26.7663	714.8306	187.9936	0.0002	0.0000	-0.4974	0.0043	0.0001	0.0001	4467.7293	74.4472	2346.5664	173.6598	0.0000	0.0960
4751	973	2450	1035	523.0527	34.2572	216.5016	28.0751	0.0008	1112.1565	0.0002	0.0000	-0.5013	0.0041	0.0002	0.0001	4462.4609	73.9827	3002.3526	96.9856	0.0796	0.0324
4756	974	2554	1092	552.1994	35.3506	229.1363	28.5890	399.7601	767.5212	0.0002	0.0000	-0.4933	0.0046	0.0001	0.0001	4487.9646	74.4582	2679.1807	768.6745	0.0864	0.1225
4699	929	2453	1036	572.8978	34.3213	184.2948	26.6771	503.2766	183.2267	0.0001	0.0000	-0.4996	0.0039	0.0002	0.0001	4394.7665	71.1869	2484.7907	171.9929	0.0000	0.0115
4716	985	2482	1085	523.5052	33.8572	254.3329	28.8603	0.0003	333.5572	0.0001	0.0000	-0.4912	0.0045	0.0001	0.0001	4461.4458	74.0117	3053.6962	74.8894	0.1418	0.0306
4722	970	2536	1077	554.1815	34.7079	214.3354	27.6139	866.7793	191.5316	0.0001	0.0000	-0.4976	0.0043	0.0003	0.0001	4450.3628	74.1587	2177.2749	176.7436	0.0000	0.1562
4722	943	2517	1077	590.3494	35.0385	196.1645	27.7585	0.0000	343.1524	0.0001	0.0000	-0.4968	0.0042	0.0002	0.0001	4481.4278	73.9860	2983.6146	74.9513	0.1021	0.0315
4724	965	2544	1044	544.1615	32.5837	212.3257	27.1106	777.0650	188.8230	0.0000	0.0000	-0.4911	0.0046	0.0003	0.0001	4426.8808	70.9331	2306.8661	173.6203	0.0000	0.0162
4759	896	2591	1089	606.0624	35.7457	186.4298	26.7135	0.0000	1132.7537	0.0002	0.0000	-0.4992	0.0042	0.0002	0.0001	4489.0862	74.2110	3053.1007	97.4026	0.0916	0.0321
4725	981	2474	1070	591.7286	34.7667	213.4509	26.9486	522.8086	188.9285	0.0002	0.0000	-0.4898	0.0047	0.0001	0.0001	4472.0533	74.3312	2477.9045	175.5669	0.0000	0.1036
4768	926	2467	1119	639.4206	35.3292	265.3119	28.7405	345.7709	182.2003	0.0001	0.0000	-0.4978	0.0043	0.0001	0.0001	4508.3836	74.4767	2508.0655	169.9171	0.0000	0.0703
4776	920	2483	1048	550.0855	33.5123	252.6933	27.7042	509.6515	156.6825	0.0002	0.0000	-0.4944	0.0044	0.0001	0.0001	4488.1094	72.9523	2462.1433	145.5699	0.0001	nan
4700	958	2528	1136	639.2178	36.0808	224.3804	28.0198	0.0008	215.4739	0.0002	0.0000	-0.4924	0.0046	0.0001	0.0001	4439.7639	73.8786	2978.5510	71.9365	0.0665	0.0314
4702	904	2443	1051	565.3053	34.7587	234.2257	28.3130	0.0005	588.7460	0.0001	0.0000	-0.4970	0.0043	0.0003	0.0001	4438.8144	73.7801	2904.4855	80.7358	0.0927	0.0324
4750	995	2562	1075	529.3651	34.1483	266.5045	29.1972	504.6861	189.4439	0.0002	0.0000	-0.4895	0.0047	0.0002	0.0001	4443.5060	74.1194	2637.3247	175.7785	0.0000	0.0473
4757	930	2579	1082	598.8652	35.3584	213.1065	27.8138	749.1179	190.9784	0.0001	0.0000	-0.4916	0.0045	0.0002	0.0001	4491.9155	74.5621	2317.4721	175.9941	0.0000	0.1084
4732	975	2458	1105	646.4656	35.9890	190.4427	26.9982	495.5611	176.6345	0.0002	0.0000	-0.4999	0.0043	0.0001	0.0001	4459.0152	74.4694	2464.6723	166.1965	0.0000	0.0028
4768	956	2555	1113	615.8312	34.6844	255.0502	28.8628	275.8361	181.4447	0.0001	0.0000	-0.4970	0.0038	0.0002	0.0001	4501.8181	72.2382	2754.4511	171.3749	0.0000	0.0093
4772	959	2513	1121	604.4443	34.4784	231.9187	28.5098	527.0180	183.2555	0.0001	0.0000	-0.4937	0.0044	0.0003	0.0001	4517.2203	72.6626	2469.8571	169.6262	0.0000	0.0177
4708	991	2458	1099	617.4508	34.9691	270.4470	28.7633	403.6533	175.4564	0.0001	0.0000	-0.4911	0.0046	0.0001	0.0001	4454.9589	73.3572	2528.1553	167.8321	0.0000	0.0245
4727	1025	2532	1104	570.8953	46.0159	262.8757	54.8959	383.0431	1603.2793	0.0001	0.0000	-0.4836	0.1035	0.0002	0.0001	4434.3235	180.7703	2720.4123	1641.0543	0.0217	1.0488
4736	896	2563	1070	564.5181	34.6736	258.3247	28.7689	0.0002	525.1200	0.0001	0.0000	-0.4969	0.0043	0.0001	0.0001	4467.8173	74.1623	3038.0618	79.9297	0.1134	0.0312
4737	934	2457	1088	638.8086	35.4900	241.6854	28.3138	520.4590	199.9408	0.0002	0.0000	-0.4972	0.0043	0.0001	0.0001	4510.4482	74.1639	2323.8225	187.5997	0.0000	0.2746
4752	991	2510	1086	626.1124	35.6157	187.6176	26.4957	0.0000	1477.8132	0.0001	0.0000	-0.4964	0.0043	0.0001	0.0001	4492.5399	74.3912	3044.3313	108.6202	0.0940	0.0326
4681	941	2520	1065	587.9300	35.2305	184.1544	27.1795	0.0000	449.7735	0.0002	0.0000	-0.4883	0.0048	0.0001	0.0001	4376.0041	73.3202	3026.5667	77.2720	0.1073	0.0308
4751	938	2536	1075	640.1056	36.4312	189.8991	28.6604	594.1176	204.4418	0.0001	0.0000	-0.4880	0.0050	0.0003	0.0001	4424.6835	74.8374	2418.8049	181.2046	0.0000	0.0026
4756	902	2494	1056	533.8049	64.8367	251.0424	86.3318	541.1191	295.1158	0.0002	0.0000	-0.5008	0.0236	0.0002	0.0002	4488.0932	74.2835	2333.0553	316.0719	0.0012	1.1323
4771	875	2487	1135	620.2321	36.0732	186.2889	26.9404	442.2923	762.3223	0.0001	0.0000	-0.4996	0.0042	0.0002	0.0001	4478.4313	74.2676	2536.8253	764.4327	0.0463	0.1399
4780	960	2544	1107	579.1298	33.6714	220.8590	28.2807	547.2193	167.7068	0.0002	0.0000	-0.4920	0.0045	0.0002	0.0001	4416.5356	72.3668	2615.5331	164.6680	0.0000	0.0123
4738	937	2531	1111	582.9054	35.1463	191.6849	27.4452	0.0006	448.4550	0.0001	0.0000	-0.4924	0.0045	0.0002	0.0001	4452.8930	73.9592	3090.0094	78.4356	0.1037	0.0309
4739	967	2572	1141	621.5900	35.6623	264.5295	29.5803	578.9701	190.9344	0.0002	0.0000	-0.4868	0.0048	0.0002	0.0001	4452.7988	74.4167	2461.4085	176.8214	0.0000	0.1036
4744	991	2535	1112	623.8535	35.7821	262.6767	29.8405	461.3297	196.5899	0.0001	0.0001	-0.4980	0.0044	0.0002	0.0001	4439.9730	74.3550	2545.3824	192.8508	0.0013	0.0012
4744	982	2602	1129	599.5372	34.7275	179.5494	26.6278	629.3309	186.6865	0.0002	0.0000	-0.4974	0.0038	0.0002	0.0001	4456.1136	71.4440	2515.8375	174.0965	0.0000	0.0156
4745	973	2460	1147	589.9088	35.7236	250.6173	28.3368	193.2858	1133.3978	0.0001	0.0000	-0.5044	0.0039	0.0001	0.0001	4469.5393	74.3301	2800.9107	937.6745	0.0727	0.1456
4753	965	2484	1042	530.6606	34.2512	245.4503	28.9896	377.0682	188.7186	0.0002	0.0000	-0.5012	0.0042	0.0002	0.0001	4476.9878	74.7898	2599.6480	172.6457	0.0000	0.0023
4768	950	2614	1082	590.8169	35.2757	211.8513	28.0236	0.0002	666.8714	0.0002	0.0000	-0.4985	0.0043	0.0002	0.0001	4460.2268	74.2968	3151.7622	85.8688	0.1399	0.0306
4705	965	2537	1049	583.5221	34.7151	208.0476	27.5279	45.0099	4865.6404	0.0002	0.0000	-0.4996	0.0042	0.0002	0.0001	4433.7028	74.1181	3018.6009	939.7228	0.0976	0.1263
4726	954	2458	1093	594.9105	35.2121	207.8004	28.1244	856.2461	211.6426	0.0002	0.0000	-0.4868	0.0050	0.0002	0.0001	4381.3130	73.6972	2185.0060	204.1067	0.0000	0.0109
4730	967	2439	1138	576.6221	35.0675	258.7685	29.1586	765.7528	183.4729	0.0001	0.0000	-0.4914	0.0046	0.0003	0.0001	4426.9272	74.0001	2256.3497	168.4088	0.0000	0.0419
4731	996	2506	1066	576.8457	34.7456	222.1671	27.6928	794.8957	189.4082	0.0001	0.0000	-0.4914	0.0046	0.0002	0.0001	4511.0224	74.5209	2245.5442	174.4827	0.0000	0.1201
4744	955	2525	1061	565.0583	34.6582	204.2389	27.8579	0.0002	367.6093	0.0002	0.0000	-0.4964	0.0043	0.0002	0.0001	4443.8876	73.9090	3022.8613	75.6560	0.1005	0.0310
4750	991	2460	1033	594.4602	34.3985	160.7072	26.4735	397.9187	187.3705	0.0002	0.0000	-0.4927	0.0036	0.0001	0.0001	4515.3914	72.9777	2552.9545	174.3547	0.0000	0.0123
4755	959	2476	1043	549.6375	34.0399	201.2541	27.0243	644.0285	206.1105	0.0002	0.0000	-0.4897	0.0047	0.0002	0.0001	4511.9883	74.6661	2371.5433	192.9873	0.0000	0.2824
4773	974	2497	1125	625.1139	36.3234	248.2780	28.5504	0.0003	958.3010	0.0002	0.0000	-0.4970	0.0043	0.0001	0.0001	4501.0894	74.1651	3001.3831	93.9888	0.0899	0.0321
4782	917	2542	1084	603.6445	35.2827	240.8506	28.4759	668.4383	189.2497	0.0001	0.0000	-0.4915	0.0046	0.0002	0.0001	4474.4518	74.3118	2303.3707	174.4008	0.0000	0.1123
4765	950	2491	1112	584.3812	34.9927	249.6812	28.9411	0.0000	576.7203	0.0001	0.0000	-0.4944	0.0044	0.0001	0.0001	4480.2232	74.1147	3029.1061	80.8039	0.1073	0.0312
4702	957	2531	1093	609.0656	35.3044	252.3788	28.5860	251.8739	227.5059	0.0002	0.0000	-0.4962	0.0043	0.0001	0.0001	4493.1060	74.1674	2648.4733	218.6882	0.0000	0.3528
4729	1015	2485	1095	522.5301	33.9090	227.6379	27.7123	753.0259	185.5673	0.0002	0.0000	-0.4965	0.0043	0.0002	0.0001	4543.8891	74.8953	2276.1670	169.9031	0.0000	0.0429
4740	986	2537	1128	618.8341	35.0290	207.3178	28.0475	872.0872	185.3238	0.0001	0.0000	-0.4954	0.0045	0.0002	0.0001	4409.5783	72.6005	2264.7381	176.6646	0.0000	0.0207
4750	959	2479	1062	570.0221	33.7556	243.0818	28.7265	489.7909	184.8422	0.0002	0.0000	-0.4910	0.0046	0.0001	0.0001	4412.6729	72.1908	2518.2349	171.8394	0.0000	0.0179
4779	981	2541	1088	593.9844	35.5833	216.8148	28.1304	308.8987	827.1765	0.0001	0.0000	-0.4883	0.0047	0.0001	0.0001	4468.0246	74.4303	2802.0642	828.4349	0.0732	0.1287
4719	930	2474	1072	545.0911	34.1772	227.8287	27.7404	0.0001	477.9056	0.0002	0.0000	-0.4894	0.0047	0.0001	0.0001	4395.4978	73.6034	3021.7484	77.8850	0.1458	0.0307
4737	975	2454	1075	584.5178	33.7353	223.1654	28.1665	517.2706	184.9657	0.0001	0.0000	-0.4940	0.0038	0.0002	0.0001	4428.7903	71.6853	2490.7555	176.8176	0.0000	0.0156
4749	1038	2514	1162	594.4635	35.2709	225.9728	28.2756	0.0001	986.5319	0.0001	0.0000	-0.4998	0.0041	0.0002	0.0001	4499.4368	74.4703	3148.1782	95.8817	0.1549	0.0309
4754	957	2546	1069	576.4320	35.6179	216.8600	28.0970	331.7127	741.7049	0.0001	0.0000	-0.4917	0.0046	0.0002	0.0001	4460.5488	74.2775	2752.5975	743.3889	0.0701	0.1194
4721	953	2414	1084	569.1366	35.0428	229.7222	27.6644	0.0000	233.4932	0.0002	0.0000	-0.4853	0.0049	0.0001	0.0001	4438.1082	73.7437	2958.9872	71.6895	0.1265	0.0311
4727	977	2570	1115	682.0164	36.4966	214.4497	28.1663	98.8498	199.1940	0.0001	0.0000	-0.4993	0.0042	0.0001	0.0001	4459.2950	74.0992	2931.0640	187.3294	0.0000	0.0362
4747	967	2568	1069	564.5485	36.9054	258.0368	29.6414	364.6613	910.9719	0.0001	0.0000	-0.5014	0.0041	0.0002	0.0001	4498.4123	74.0219	2645.5541	931.9446	0.0000	0.9410
4751	957	2480	1127	607.5129	37.5451	209.4006	28.1023	197.1188	2847.1787	0.0001	0.0000	-0.4952	0.0045	0.0002	0.0001	4462.3811	75.0925	2804.3018	1510.9426	0.0548	0.2681
4768	918	2565	1087	578.9289	123.8152	208.6755	136.7588	101.1867	11086.4643	0.0002	0.0000	-0.4886	0.0504	0.0003	0.0003	4463.4290	256.0257	2978.8216	2025.5998	0.0989	0.9696
4741	948	2475	1076	645.5032	35.8996	192.1433	27.3042	0.0001	287.7214	0.0001	0.0000	-0.4982	0.0042	0.0002	0.0001	4482.2784	73.8443	2924.9190	72.1822	0.0693	0.0316
4751	955	2511	1066	556.2317	34.5887	239.0979	28.2368	438.2005	207.5715	0.0001	0.0000	-0.4948	0.0044	0.0001	0.0001	4487.7312	74.3642	2564.5696	201.6611	0.0000	0.0072
4729	907	2503	1034	515.7985	33.8148	198.1185	27.3118	0.0000	190.4525	0.0001	0.0000	-0.4909	0.0046	0.0001	0.0001	4407.1644	73.5562	3028.6983	71.8150	0.1625	0.0306
4757	923	2601	1095	589.1598	34.1515	214.7470	27.7773	691.3662	190.8516	0.0002	0.0000	-0.4904	0.0047	0.0002	0.0001	4392.5474	72.2945	2491.1311	176.0778	0.0000	0.0152
4785	952	2516	1144	604.0670	35.1697	268.6514	29.0537	414.7706	185.0457	0.0001	0.0000	-0.4955	0.0043	0.0002	0.0001	4521.5987	74.4852	2539.7281	172.4277	0.0000	0.0916
4709	942	2626	1119	628.8670	35.7817	217.9381	27.7843	0.0000	338.7119	0.0001	0.0000	-0.5002	0.0041	0.0002	0.0001	4467.1096	74.0733	3048.6935	75.2009	0.1029	0.0308
4724	965	2474	1164	607.3761	35.5756	256.9290	28.5778	239.2824	846.4475	0.0001	0.0000	-0.4959	0.0044	0.0001	0.0001	4438.6600	74.4480	2794.4605	846.5282	0.0523	0.1360
4730	971	2537	1054	521.2297	33.9785	190.7366	27.1377	670.3770	185.3925	0.0001	0.0000	-0.4842	0.0050	0.0002	0.0001	4458.4857	74.0752	2483.9946	171.7470	0.0000	0.0350
4749	953	2540	1128	605.3076	35.7689	264.5359	29.2540	126.0729	1736.6350	0.0001	0.0000	-0.4972	0.0043	0.0002	0.0001	4494.5230	74.5012	2911.7472	940.8438	0.0464	0.1490
4777	928	2521	1066	558.5987	34.2074	218.5131	27.8338	691.5515	306.7142	0.0002	0.0000	-0.4945	0.0043	0.0001	0.0001	4539.9606	74.3811	2305.4407	299.5483	0.0082	0.1058
4778	960	2427	1080	598.1437	35.2334	183.2825	26.6629	0.0003	319.6193	0.0001	0.0000	-0.4911	0.0046	0.0002	0.0001	4431.4370	73.7034	2998.1983	74.8227	0.1203	0.0311
4717	976	2570	1063	570.6745	33.4407	206.8712	27.1485	285.5114	179.2082	0.0002	0.0000	-0.4943	0.0044	0.0001	0.0001	4527.9497	72.9808	2751.0432	169.4394	0.0000	0.0069
4729	975	2506	1077	617.5572	35.0839	197.3343	26.8087	385.0157	184.1941	0.0002	0.0000	-0.4933	0.0046	0.0001	0.0001	4450.5020	73.8273	2584.3460	171.8211	0.0000	0.0576
4734	986	2596	1091	630.4738	36.9586	214.1541	27.9981	179.3551	1181.8128	0.0002	0.0000	-0.4987	0.0041	0.0001	0.0001	4544.2014	74.1604	2845.6687	932.3539	0.0000	8.7548
4763	1009	2534	1102	618.7697	36.1965	266.4873	29.2981	310.8074	163.4564	0.0001	0.0000	-0.4986	0.0043	0.0002	0.0001	4468.4905	74.7748	2758.4068	151.5431	0.0000	0.0419
4769	962	2423	1082	579.2535	34.4431	252.4060	28.6826	375.1732	392.9848	0.0001	0.0000	-0.4879	0.0048	0.0002	0.0001	4473.1744	74.1635	2518.1542	391.7291	0.0000	0.1639
4712	912	2502	1090	583.1844	35.2515	200.1307	27.6889	0.0004	1034.7150	0.0001	0.0000	-0.4855	0.0050	0.0002	0.0001	4388.4934	73.3640	3011.2424	91.9739	0.1608	0.0316
4727	964	2535	1100	577.4367	35.3339	254.4211	29.0893	765.8015	233.7233	0.0002	0.0000	-0.4914	0.0046	0.0002	0.0001	4435.3327	74.1742	2323.1816	221.9534	0.0000	0.4608
4731	958	2469	1092	556.5697	34.3649	237.9427	28.3324	0.0001	188.3497	0.0001	0.0000	-0.4892	0.0047	0.0002	0.0001	4384.8271	73.5271	3082.2846	71.9970	0.0915	0.0306
4733	972	2559	1107	642.7108	35.5965	156.7070	25.8263	741.9239	192.3127	0.0001	0.0000	-0.4839	0.0050	0.0003	0.0001	4432.6890	72.0771	2431.8747	177.9841	0.0000	0.0182
4735	975	2507	1093	604.9385	35.3926	196.3919	27.1840	0.0000	524.6138	0.0001	0.0000	-0.4972	0.0043	0.0001	0.0001	4445.5877	73.8076	3061.6656	79.1158	0.0801	0.0309
4739	915	2442	1099	641.2052	36.0325	206.8625	27.2574	424.1506	753.1084	0.0002	0.0000	-0.4948	0.0044	0.0000	0.0001	4388.9925	73.8909	2504.0950	753.4695	0.0541	0.1370
4792	964	2463	1109	609.2864	35.3659	196.7188	27.0299	513.2366	184.8260	0.0001	0.0000	-0.4906	0.0046	0.0003	0.0001	4479.7746	74.2628	2485.9570	171.5105	0.0000	0.0603
4802	967	2587	1111	580.0259	35.2675	207.0671	28.0460	0.0002	1630.1804	0.0002	0.0000	-0.4950	0.0044	0.0002	0.0001	4498.9687	74.5711	3129.4586	116.9437	0.1180	0.0324
4730	954	2544	1086	574.9634	35.2010	228.4399	28.4956	0.0000	1308.5220	0.0001	0.0000	-0.4916	0.0046	0.0001	0.0001	4471.3370	74.1565	3014.6864	100.0856	0.1445	0.0319
4795	935	2472	1070	583.9460	35.5657	236.1523	28.5214	276.5058	917.0945	0.0002	0.0000	-0.4996	0.0042	0.0001	0.0001	4465.6418	74.1207	2667.6829	925.6628	0.0160	0.4723
4695	917	2544	1064	573.8111	35.4340	216.5262	27.9042	0.0000	188.3785	0.0001	0.0000	-0.4962	0.0045	0.0002	0.0001	4390.1755	73.7200	3087.6261	72.3075	0.1199	0.0303
4732	904	2424	1083	610.4404	34.7173	177.6051	25.1353	358.6535	179.5783	0.0002	0.0000	-0.4944	0.0043	0.0002	0.0001	4457.7853	71.2132	2551.6383	168.8202	0.0000	0.0120
4743	879	2450	1030	554.1419	33.5178	202.2657	26.7980	438.2868	183.1448	0.0001	0.0000	-0.4863	0.0048	0.0001	0.0001	4464.7451	73.3898	2503.4414	169.6280	0.0000	0.0118
4748	938	2480	1138	634.9952	36.0965	252.3124	29.2575	0.0000	322.0685	0.0001	0.0000	-0.5000	0.0042	0.0001	0.0001	4463.7725	74.1992	2966.9368	74.2394	0.1152	0.0314
4750	1015	2609	1092	612.8077	35.9947	244.6992	29.0402	0.0002	211.1565	0.0002	0.0000	-0.4949	0.0044	0.0003	0.0001	4478.9824	74.1464	3116.5918	73.4357	0.0935	0.0306
4752	947	2623	1067	552.6106	34.5985	216.1479	27.4766	380.8318	197.2528	0.0001	0.0000	-0.5027	0.0040	0.0000	0.0001	4498.2147	74.4866	2681.6482	189.4893	0.0000	0.0043
4764	955	2522	1006	576.1414	34.6387	216.9638	28.0384	98.9479	2147.0496	0.0002	0.0000	-0.4991	0.0042	0.0002	0.0001	4544.4289	74.7818	2844.6768	925.6633	0.0552	0.1465
4706	1048	2479	1122	654.9786	36.5741	209.2595	28.6942	0.0000	195.0016	0.0002	0.0000	-0.4914	0.0045	0.0001	0.0001	4500.2570	74.5110	3044.9378	72.2392	0.1634	0.0305
4748	988	2476	1114	595.1713	35.0876	217.2251	27.7639	0.0003	793.5280	0.0002	0.0000	-0.4986	0.0041	0.0001	0.0001	4548.0364	74.5524	2960.1388	85.9930	0.0449	0.0326
4751	971	2493	1127	587.1987	35.5073	249.5220	28.4474	442.1756	601.8266	0.0001	0.0000	-0.4942	0.0045	0.0002	0.0001	4495.8979	74.5026	2580.8681	602.1797	0.0581	0.1068
4775	938	2550	1044	523.0396	34.5384	183.6150	27.8405	0.0000	2841.6567	0.0001	0.0000	-0.4946	0.0045	0.0002	0.0001	4479.3776	74.4147	3121.3290	137.4598	0.1655	0.0329
4777	960	2518	1078	614.4453	34.7999	157.8235	25.6099	561.9382	181.1280	0.0001	0.0000	-0.4944	0.0038	0.0002	0.0001	4535.7617	71.1688	2478.4091	170.9790	0.0000	0.0130
4793	957	2581	1038	571.3126	34.7792	235.0685	28.0081	0.0001	379.3974	0.0002	0.0000	-0.4931	0.0045	0.0001	0.0001	4551.4987	74.5440	3018.8815	75.2887	0.0295	0.0313
4697	996	2501	1086	547.2845	35.0622	256.2685	29.1023	251.2096	1651.5117	0.0001	0.0000	-0.4963	0.0044	0.0002	0.0001	4458.3978	74.7097	2782.8638	1290.0912	0.1007	0.1868
4713	930	2434	1015	510.1856	33.0642	190.7353	26.1758	367.5354	161.4336	0.0001	0.0000	-0.4964	0.0043	0.0002	0.0001	4495.6288	74.0629	2568.7729	150.8987	0.0000	0.0905
4714	985	2502	1094	598.0057	35.1581	247.8961	28.1308	596.5994	161.5644	0.0001	0.0000	-0.4922	0.0046	0.0002	0.0001	4451.6007	73.9936	2370.8823	140.0826	0.0002	nan
4756	985	2492	1102	582.2487	34.6138	251.1537	28.3883	531.0791	187.1017	0.0002	0.0000	-0.4943	0.0044	0.0001	0.0001	4493.1522	74.2390	2472.5563	173.7071	0.0000	0.0989
4761	937	2592	1088	532.7018	33.0548	237.2183	28.5062	217.4154	180.2827	0.0002	0.0000	-0.4987	0.0041	0.0002	0.0001	4511.0945	73.4342	2842.5430	171.6555	0.0000	0.0093
4736	969	2579	1040	543.7225	34.4280	183.4598	26.9372	580.4451	734.6246	0.0001	0.0000	-0.4914	0.0046	0.0001	0.0001	4438.8719	74.1364	2548.9495	735.0198	0.0666	0.1287
4763	967	2554	1040	582.1487	34.8157	193.4000	26.9168	0.0000	207.2738	0.0001	0.0000	-0.4983	0.0042	0.0002	0.0001	4503.3236	74.0124	3025.4207	71.5699	0.0442	0.0309
4741	994	2490	1122	576.7486	35.1175	206.1042	28.2384	0.0000	1787.0774	0.0002	0.0000	-0.5015	0.0041	0.0002	0.0001	4511.0123	74.4928	3060.2535	117.8730	0.0946	0.0334
4742	943	2549	1076	554.5815	34.5586	255.9397	28.6251	0.0000	2267.6175	0.0002	0.0000	-0.4939	0.0044	0.0001	0.0001	4448.8244	73.8625	2993.7860	123.3747	0.0609	0.0346
4743	1014	2621	1080	582.8767	34.0231	235.8170	27.5940	388.9598	184.4910	0.0001	0.0000	-0.4964	0.0041	0.0001	0.0001	4480.5925	71.5465	2756.2333	174.3290	0.0000	0.0087
4761	932	2515	1119	564.7445	34.5952	249.2974	28.9144	0.0003	264.9818	0.0001	0.0000	-0.4797	0.0051	0.0002	0.0001	4467.0028	74.1481	3012.5177	73.3512	0.1042	0.0312
4773	939	2521	1082	599.3951	33.9890	214.1672	27.3434	485.7261	183.6371	0.0001	0.0000	-0.4912	0.0046	0.0002	0.0001	4516.3598	72.4962	2543.0455	170.6670	0.0000	0.0120
4774	976	2587	1051	574.9877	35.0639	221.2236	27.7613	0.0000	491.5059	0.0001	0.0000	-0.4929	0.0045	0.0002	0.0001	4469.2112	74.1935	3118.7012	80.0610	0.0724	0.0309
4777	961	2593	1038	534.4995	34.3335	217.2371	27.9823	792.7299	187.0151	0.0002	0.0000	-0.4974	0.0043	0.0003	0.0001	4530.1421	74.7578	2288.3019	171.6010	0.0000	0.0483
4785	964	2518	1093	552.3346	34.7050	202.5062	27.5550	0.0006	563.0584	0.0002	0.0000	-0.4901	0.0047	0.0001	0.0001	4466.8405	74.1095	3111.9477	81.4404	0.1508	0.0305
4689	983	2484	1157	619.9914	35.5452	237.9145	28.3446	339.7526	190.7864	0.0001	0.0000	-0.4950	0.0044	0.0002	0.0001	4455.2828	74.0806	2645.3866	178.1993	0.0000	0.1051
4695	924	2567	1086	583.9216	35.1706	237.4464	29.0555	0.0003	264.1168	0.0002	0.0000	-0.4996	0.0042	0.0002	0.0001	4389.7277	73.5515	3046.6283	73.0057	0.1107	0.0306
4712	1015	2539	1113	590.5643	34.1973	251.9988	28.5919	569.1619	184.4871	0.0002	0.0000	-0.4977	0.0039	0.0002	0.0001	4502.1182	73.9632	2463.3563	171.4089	0.0000	0.0071
4745	949	2504	1050	511.2613	34.4300	219.3423	28.2240	0.0001	350.6932	0.0001	0.0000	-0.4922	0.0046	0.0002	0.0001	4433.7075	74.1362	3086.5733	76.4364	0.1434	0.0306
4749	894	2536	1102	615.9525	34.4503	226.3087	27.9843	479.9530	168.3714	0.0002	0.0000	-0.4937	0.0045	0.0002	0.0001	4394.7823	72.1808	2538.1015	163.2543	0.0000	0.0144
4753	954	2444	1032	577.6755	34.5465	182.7245	25.7241	534.8558	183.4364	0.0001	0.0000	-0.4986	0.0039	0.0002	0.0001	4461.1583	72.3828	2443.6415	171.6322	0.0000	0.0146
4761	939	2584	1081	643.3086	39.8051	211.9889	28.0519	351.2348	139.8096	0.0002	0.0001	-0.4981	0.0054	0.0001	0.0001	4482.9452	80.2857	2642.6125	120.6238	0.0038	0.4855
4762	950	2555	1051	569.2623	35.0162	194.9514	27.2677	0.0000	1596.5487	0.0001	0.0000	-0.4997	0.0042	0.0002	0.0001	4501.3134	74.3454	3019.0482	104.9471	0.0876	0.0328
4770	962	2489	1051	584.4782	34.8305	187.7361	27.3217	493.6371	436.2335	0.0001	0.0000	-0.4949	0.0044	0.0001	0.0001	4503.0920	74.4201	2545.6059	431.1829	0.0151	0.1148
4783	956	2504	1103	596.6509	35.2086	228.6261	28.8052	900.6320	188.9498	0.0001	0.0000	-0.4829	0.0051	0.0003	0.0001	4435.1020	74.2139	2180.5423	173.2084	0.0000	0.0916
4785	958	2553	1071	612.0347	36.0781	214.5316	27.8368	289.2835	761.7152	0.0002	0.0000	-0.4942	0.0044	0.0002	0.0001	4485.9661	74.7195	2758.2122	762.7643	0.0630	0.1233
4795	946	2493	1033	532.6451	34.3941	211.5458	27.8965	0.0000	1442.1674	0.0002	0.0000	-0.4994	0.0042	0.0002	0.0001	4532.0608	74.4965	3027.1420	106.2055	0.1094	0.0326
4814	947	2529	1094	599.4338	5147.8577	223.3198	1573.9506	618.3352	9677.3828	0.0002	0.0001	-0.4972	0.0921	0.0001	0.0015	4508.6397	478.4006	2428.3406	3987.7104	0.0259	1.1772
4695	943	2517	1093	578.4894	33.5070	213.2279	27.9526	744.1754	187.1432	0.0001	0.0000	-0.4834	0.0051	0.0001	0.0001	4374.3830	71.7005	2335.4870	172.4959	0.0000	0.0265
4740	941	2484	1110	612.2784	35.6036	170.6435	26.5561	759.1141	186.8298	0.0001	0.0000	-0.4937	0.0044	0.0002	0.0001	4486.3010	74.3865	2233.5009	171.8134	0.0000	0.0940
4750	952	2450	1106	528.7555	34.8582	248.0771	29.1227	410.1244	930.9547	0.0001	0.0000	-0.4898	0.0048	0.0002	0.0001	4391.3085	74.1274	2666.3029	933.1215	0.1388	0.1322
4752	991	2459	1072	556.8959	34.5781	248.9887	28.1889	0.0000	262.1863	0.0001	0.0000	-0.4894	0.0048	0.0001	0.0001	4403.3818	73.4592	3033.8127	73.1064	0.0889	0.0309
4779	949	2514	1047	540.2741	34.6307	178.7747	26.4907	0.0006	3077.2044	0.0001	0.0000	-0.4868	0.0048	0.0002	0.0001	4516.3118	74.3363	3031.1906	131.8929	0.1377	0.0334
4728	950	2507	1097	593.8048	34.9823	211.2978	27.5332	432.0722	182.6204	0.0002	0.0000	-0.4972	0.0043	0.0002	0.0001	4511.6790	74.2195	2564.6875	160.6213	0.0030	0.8117
4742	961	2512	1092	585.4232	34.8167	267.6618	28.9167	477.0201	267.3264	0.0002	0.0000	-0.4946	0.0044	0.0001	0.0001	4475.0851	74.0788	2445.9887	258.4934	0.0036	0.1844
4772	935	2565	1116	614.6770	35.7165	216.7349	27.7935	0.0000	279.1290	0.0001	0.0000	-0.4934	0.0045	0.0001	0.0001	4463.4255	74.0459	3101.6899	74.3733	0.1490	0.0302
4730	925	2479	1113	600.4174	35.0645	224.4300	28.1507	515.5317	182.8684	0.0002	0.0000	-0.5058	0.0039	0.0001	0.0001	4427.8201	73.9395	2438.9733	168.8625	0.0000	0.0355
4731	1003	2444	1105	569.7711	34.7680	224.3398	27.5568	0.0004	466.6395	0.0002	0.0000	-0.4995	0.0042	0.0001	0.0001	4463.8351	73.7433	3018.8264	76.7860	0.0245	0.0313
4756	916	2669	1057	588.6174	34.1372	228.5190	27.7981	538.8884	185.0546	0.0001	0.0000	-0.4917	0.0045	0.0002	0.0001	4426.0156	73.2918	2593.7422	177.7468	0.0001	0.0264
4767	957	2517	1093	629.1909	35.1461	236.8094	27.9857	553.6508	144.3639	0.0001	0.0000	-0.4976	0.0042	0.0002	0.0001	4507.0405	73.1630	2417.3086	125.3367	0.0000	nan
4772	991	2446	1155	646.1482	35.6957	252.9580	28.0992	470.5831	186.8500	0.0002	0.0000	-0.4968	0.0043	0.0001	0.0001	4467.8775	74.2302	2473.3810	173.0016	0.0000	0.0893
4785	936	2505	1053	610.9380	35.4444	155.2620	26.5828	488.3722	336.4799	0.0002	0.0000	-0.4999	0.0041	0.0001	0.0001	4572.7377	75.0226	2525.4277	335.9680	0.0000	0.0611
4795	980	2570	1105	574.8760	34.9499	233.6947	28.7692	0.0000	891.7403	0.0002	0.0000	-0.4952	0.0044	0.0001	0.0001	4458.6341	74.1417	3169.7823	90.0053	0.1174	0.0306
4802	934	2520	1124	619.9419	35.1868	218.9725	27.3951	156.2037	154.1684	0.0002	0.0000	-0.4986	0.0042	0.0001	0.0001	4543.6266	75.2073	2736.8882	146.9000	0.0000	0.0651
4722	962	2443	1104	559.3839	34.6608	242.1828	27.9174	0.0000	566.2614	0.0001	0.0000	-0.4941	0.0045	0.0000	0.0001	4449.2779	73.8563	2982.3063	80.4729	0.1091	0.0315
4732	957	2461	1062	577.9754	34.9953	245.5278	27.9861	0.0000	283.1458	0.0002	0.0000	-0.4908	0.0046	0.0001	0.0001	4457.1282	73.9784	2936.1920	72.5715	0.1121	0.0314
4759	960	2486	1085	599.4339	34.3785	235.7996	28.0154	380.9251	179.4381	0.0001	0.0000	-0.4998	0.0040	0.0001	0.0001	4485.6961	73.5544	2600.6186	169.5057	0.0000	0.0119
4761	939	2506	1082	592.2978	24.1996	220.8334	27.5133	60.9069	nan	0.0001	0.0000	-0.4892	0.0047	0.0002	0.0001	4470.2838	71.1980	2936.9536	47.5914	0.0950	0.0309
4766	1005	2561	1080	574.7355	34.7810	228.5312	27.8975	0.0000	132.2477	0.0002	0.0000	-0.4957	0.0044	0.0001	0.0001	4484.2870	74.2829	3086.4152	71.1050	0.1001	0.0303
4775	932	2501	1040	629.8441	39.9071	160.4498	31.3184	30.2475	6049.9573	0.0001	0.0000	-0.4949	0.0046	0.0001	0.0001	4565.2422	73.4339	2908.9835	905.3834	0.0000	6.1643
4781	985	2433	1049	561.3745	34.3877	198.9343	27.2146	669.7627	166.4376	0.0002	0.0000	-0.4973	0.0043	0.0001	0.0001	4542.1934	75.8826	2294.5862	144.7116	0.0008	0.0006
4786	965	2540	1081	620.9920	34.2784	244.2523	28.6006	457.9756	185.1402	0.0001	0.0000	-0.4851	0.0049	0.0001	0.0001	4481.6414	74.1221	2597.3309	172.1257	0.0000	0.0116
4803	958	2577	1072	565.1988	34.3492	238.7665	28.0310	349.0883	177.3811	0.0001	0.0000	-0.4967	0.0043	0.0001	0.0001	4578.0939	74.7293	2697.8226	165.3368	0.0002	0.0016
4738	982	2541	1038	529.2353	34.4107	209.6327	28.1505	0.0000	147.4083	0.0001	0.0000	-0.4929	0.0045	0.0001	0.0001	4488.7392	74.3681	3126.9211	72.3745	0.1157	0.0303
4746	926	2539	1094	562.7432	34.6713	235.7648	28.6053	469.1801	204.2927	0.0002	0.0000	-0.4905	0.0046	0.0002	0.0001	4489.0563	74.2905	2558.4020	192.7731	0.0000	0.2561
4748	996	2540	1096	594.6692	34.4441	189.3510	26.5086	572.2922	186.5742	0.0002	0.0000	-0.4965	0.0041	0.0002	0.0001	4479.6417	71.9754	2523.0605	172.7324	0.0000	0.0120
4768	932	2518	1038	603.5897	34.8984	224.4255	27.9045	554.9629	186.0800	0.0001	0.0000	-0.5020	0.0041	0.0001	0.0001	4531.3094	74.4446	2361.1792	172.5931	0.0000	0.1088
4793	951	2592	1059	538.2768	6060.6521	228.7515	6136.5007	734.2701	11292.5297	0.0002	0.0053	-0.4949	0.0920	0.0001	1.0923	4480.9864	10887.8931	2414.4694	8171.5349	0.0000	1.1988
4739	937	2553	1104	613.0055	34.2806	222.9452	27.7668	367.2542	181.4443	0.0002	0.0000	-0.4827	0.0051	0.0001	0.0001	4398.5943	71.8233	2698.0653	171.6791	0.0000	0.0085
4748	952	2517	1147	628.3041	35.4247	190.5130	26.8497	686.7418	181.5661	0.0001	0.0000	-0.4913	0.0044	0.0003	0.0001	4444.2043	71.3607	2366.1351	172.4404	0.0000	0.0222
4765	941	2532	1056	572.9878	35.4200	237.7786	29.0108	365.9324	740.3749	0.0001	0.0000	-0.4911	0.0046	0.0003	0.0001	4450.4596	74.2406	2637.6343	744.0210	0.0556	0.1296
4708	903	2521	1078	647.7692	35.9171	239.8291	28.6576	418.0946	183.3406	0.0001	0.0000	-0.4924	0.0045	0.0001	0.0001	4422.5683	71.9348	2506.0377	168.7945	0.0000	0.0184
4723	979	2365	1043	576.1606	34.9228	199.9524	27.3268	0.0004	327.4921	0.0002	0.0000	-0.4955	0.0044	0.0002	0.0001	4482.4818	73.8672	2883.9888	73.1582	0.0832	0.0319
4742	980	2488	1055	568.3523	33.9779	216.9972	27.9825	412.2003	181.1346	0.0002	0.0000	-0.5014	0.0040	0.0002	0.0001	4554.0930	71.8706	2574.4822	170.5823	0.0000	0.0138
4754	912	2500	1092	576.7855	35.1739	210.7913	28.0059	0.0000	3101.5657	0.0002	0.0000	-0.4861	0.0049	0.0002	0.0001	4434.4736	73.9184	3014.5235	142.8447	0.1697	0.0339
4757	944	2614	1153	554.2364	33.5336	278.5047	29.2645	402.6854	182.1068	0.0001	0.0000	-0.4949	0.0039	0.0002	0.0001	4442.8008	72.6635	2732.0175	171.1761	0.0000	0.0110
4757	910	2510	1154	649.0700	35.9523	294.9420	29.6715	216.9411	193.0547	0.0001	0.0000	-0.4916	0.0046	0.0001	0.0001	4441.8401	73.8953	2747.6275	181.5590	0.0000	0.1153
4761	910	2561	1076	565.4120	34.8654	206.1334	27.9371	0.0000	202.8878	0.0001	0.0000	-0.4932	0.0045	0.0002	0.0001	4453.0085	74.1773	3078.8975	73.0335	0.1334	0.0307
4762	942	2462	1104	623.8870	35.8179	215.6029	27.7329	0.0006	2074.3857	0.0002	0.0000	-0.4952	0.0043	0.0001	0.0001	4503.3411	74.1933	2936.1546	119.8559	0.0853	0.0344
4772	963	2521	1022	536.4079	34.2347	242.6611	28.7362	0.0000	359.1958	0.0001	0.0000	-0.4931	0.0045	0.0003	0.0001	4514.2323	74.3517	3006.9148	75.5056	0.1097	0.0312
4802	953	2498	1114	588.8668	35.0145	236.5858	28.1779	420.8707	187.2603	0.0002	0.0000	-0.4891	0.0047	0.0002	0.0001	4469.1652	74.3413	2627.0770	174.2537	0.0000	0.0980
4723	981	2441	1041	526.1240	33.5508	224.5594	28.2060	754.7898	205.5477	0.0001	0.0000	-0.4896	0.0047	0.0002	0.0001	4446.7855	74.0298	2272.9824	192.1336	0.0000	0.2852
4747	935	2493	1072	584.3919	35.0934	204.3820	28.0111	172.8229	1260.5105	0.0001	0.0000	-0.4913	0.0046	0.0001	0.0001	4436.8394	73.9890	2805.1830	934.8738	0.1127	0.1332
4755	965	2602	1046	520.3138	34.7365	217.2664	29.2845	654.4127	210.6735	0.0002	0.0000	-0.5000	0.0043	0.0001	0.0001	4431.0396	75.0223	2553.8376	186.8981	0.0000	0.0025
4756	983	2560	1126	576.4882	35.4419	265.1469	29.0931	0.0001	410.7093	0.0002	0.0000	-0.4907	0.0046	0.0002	0.0001	4509.1482	74.3799	3100.5915	77.6753	0.0816	0.0308
4765	992	2524	1097	552.8693	35.4192	240.6547	28.4986	308.9201	956.6825	0.0001	0.0000	-0.5023	0.0041	0.0002	0.0001	4478.1557	74.8678	2822.9229	960.8674	0.1091	0.1373
4768	967	2526	1184	610.5597	35.1432	291.8186	29.7727	643.6725	174.8237	0.0001	0.0000	-0.4960	0.0041	0.0003	0.0001	4527.3054	72.3693	2356.2676	167.6322	0.0000	0.0135
4773	964	2482	1130	657.4643	36.7834	259.9650	29.1055	342.3669	843.0173	0.0001	0.0000	-0.4928	0.0045	0.0002	0.0001	4459.3204	74.3340	2598.2035	847.9865	0.0455	0.1515
4777	944	2531	1092	600.5305	35.5329	245.4480	28.4382	0.0001	588.8065	0.0001	0.0000	-0.4965	0.0043	0.0001	0.0001	4536.9548	74.6893	3000.2248	81.5271	0.0905	0.0318
4748	938	2399	1055	613.7359	34.8812	199.1220	27.1211	0.0003	364.2696	0.0001	0.0000	-0.4876	0.0048	0.0001	0.0001	4529.2559	74.2162	2801.8379	73.2718	0.0946	0.0325
4753	944	2479	1085	586.0903	35.1058	225.5223	28.4495	0.0000	2150.8267	0.0002	0.0000	-0.4849	0.0049	0.0002	0.0001	4450.6260	73.9622	2965.1632	123.7295	0.1371	0.0336
4757	982	2568	1061	587.5041	35.6800	151.8798	26.4320	190.1580	1176.5843	0.0001	0.0000	-0.4906	0.0046	0.0002	0.0001	4517.1527	74.7172	2921.8989	948.0720	0.1097	0.1305
4767	923	2530	1077	563.0136	35.0727	246.5074	28.3931	373.1838	741.9443	0.0001	0.0000	-0.4961	0.0044	0.0001	0.0001	4451.9425	74.1765	2638.5343	743.7897	0.0757	0.1239
4769	952	2453	1103	535.3856	33.6126	220.2513	27.4222	449.0890	179.9112	0.0000	0.0000	-0.5037	0.0040	0.0003	0.0001	4485.1963	72.7963	2547.0459	171.2651	0.0000	0.0154
4771	968	2512	1073	524.2809	32.8722	161.5794	25.5316	778.0734	186.4059	0.0002	0.0000	-0.4957	0.0037	0.0003	0.0001	4515.5633	71.5449	2333.5492	174.0629	0.0000	0.0297
4726	976	2534	1089	573.4989	34.4029	256.8490	29.2369	686.7273	194.6718	0.0001	0.0000	-0.4852	0.0049	0.0002	0.0001	4421.3113	74.0745	2343.2274	180.1888	0.0000	0.1640
4741	1007	2533	1064	527.2141	32.4938	229.3560	28.2046	268.8769	179.2147	0.0002	0.0000	-0.4969	0.0039	0.0003	0.0001	4550.1088	71.8824	2799.3729	170.7241	0.0000	0.0076
4742	957	2475	1123	665.0519	36.7663	233.9010	27.6587	179.9786	1154.3041	0.0001	0.0000	-0.5006	0.0041	0.0001	0.0001	4482.2868	74.1717	2699.6663	918.4982	0.0000	1.8257
4769	923	2499	1063	591.3210	35.5886	241.2271	28.5251	136.3586	1620.4252	0.0001	0.0000	-0.5027	0.0040	0.0002	0.0001	4488.8120	74.4077	2861.9563	944.4289	0.1336	0.1259
4792	951	2531	1060	531.2080	34.5328	230.3214	28.7360	183.4249	1208.4891	0.0002	0.0000	-0.5009	0.0041	0.0001	0.0001	4482.2287	74.3779	2883.6087	943.5638	0.0805	0.1401
4729	924	2559	1100	577.2064	34.9859	267.7305	28.9793	0.0001	491.9791	0.0002	0.0000	-0.4939	0.0044	0.0001	0.0001	4434.6349	73.6692	3025.1932	78.8660	0.0652	0.0314
4747	1003	2445	1120	587.0706	33.8756	230.5519	28.2369	446.7289	182.5308	0.0001	0.0000	-0.4939	0.0044	0.0003	0.0001	4511.3048	71.3466	2522.0058	169.8519	0.0000	0.0127
4754	912	2453	1063	591.6991	35.1293	255.2530	28.2258	595.1833	179.6272	0.0002	0.0000	-0.4907	0.0046	0.0002	0.0001	4488.2796	74.1989	2261.3068	165.5964	0.0000	0.0432
4757	1003	2462	1087	590.7925	35.2200	237.0881	28.6510	503.1557	570.3133	0.0001	0.0000	-0.4927	0.0045	0.0000	0.0001	4528.8849	74.6243	2438.1533	568.2903	0.0000	0.7692
4764	988	2497	1137	607.1703	35.6805	231.0410	28.7526	170.7124	1302.4829	0.0002	0.0000	-0.4910	0.0046	0.0002	0.0001	4446.3786	74.2355	2850.4075	943.5002	0.1354	0.1254
4776	971	2496	1101	616.7047	35.2991	253.2715	28.5601	269.1403	187.2602	0.0001	0.0000	-0.4962	0.0043	0.0001	0.0001	4533.7908	74.6217	2645.0577	175.8256	0.0000	0.0979
4777	1008	2589	1050	515.1800	34.2114	194.5216	28.2996	519.7139	610.3783	0.0002	0.0000	-0.4906	0.0046	0.0002	0.0001	4479.7678	74.6072	2675.8063	610.0988	0.0577	0.1046
4802	935	2500	1130	590.1686	35.1505	247.4806	28.4264	639.0632	204.2931	0.0002	0.0000	-0.4988	0.0042	0.0001	0.0001	4526.5490	74.6439	2352.5403	190.8705	0.0000	0.2573
4723	912	2582	1098	621.2305	34.6617	166.7562	25.8538	597.2175	184.6431	0.0002	0.0000	-0.4955	0.0038	0.0001	0.0001	4442.0894	71.2229	2494.3652	172.2433	0.0000	0.0120
4755	890	2516	1106	600.1568	35.1755	246.4265	28.0785	490.7908	183.1241	0.0001	0.0000	-0.5042	0.0039	0.0002	0.0001	4458.1049	74.1160	2501.2005	169.7751	0.0000	0.0408
4758	951	2515	1106	575.2024	34.2734	230.6016	27.5314	279.1655	186.2793	0.0001	0.0000	-0.4968	0.0044	0.0003	0.0001	4472.2377	74.0091	2740.2248	166.4348	0.0000	0.1803
4762	924	2595	1062	597.6588	35.4101	211.9104	28.2291	0.0002	11723.3894	0.0002	0.0000	-0.4932	0.0044	0.0001	0.0001	4484.2444	74.3768	3069.4416	248.3866	0.0950	0.0441
4775	925	2559	1018	557.5827	35.1195	171.5650	27.3564	128.4395	1708.2676	0.0002	0.0000	-0.5006	0.0041	0.0002	0.0001	4504.2829	74.6836	2908.2562	937.6437	0.0984	0.1323
4780	967	2579	1038	547.3928	32.9748	187.9674	26.8222	450.0922	184.5963	0.0002	0.0000	-0.4963	0.0038	0.0002	0.0001	4482.4478	73.2085	2690.7659	173.1072	0.0000	0.0084
4783	953	2528	1085	543.0678	34.6570	208.6620	28.1151	679.5122	692.3257	0.0002	0.0000	-0.4952	0.0044	0.0002	0.0001	4496.6625	74.6359	2382.8950	692.5754	0.0518	0.1340
4795	911	2506	1074	597.0949	35.1927	213.4965	27.4152	0.0000	413.3867	0.0001	0.0000	-0.4915	0.0046	0.0001	0.0001	4478.9379	74.1317	2984.2771	76.2329	0.1265	0.0310
4806	978	2524	1080	584.2920	35.0006	239.5957	28.5458	0.0000	282.3811	0.0002	0.0000	-0.4862	0.0048	0.0001	0.0001	4558.1650	75.0211	3007.7962	72.1081	0.1015	0.0298
4752	1006	2529	1110	629.4082	36.3006	226.2859	27.7075	674.2322	696.5026	0.0001	0.0000	-0.4938	0.0045	0.0001	0.0001	4495.2039	74.5917	2344.8154	696.5398	0.0604	0.1342
4757	1045	2534	1076	546.5502	34.7922	254.9775	28.7990	177.1685	1360.6534	0.0002	0.0000	-0.5017	0.0042	0.0001	0.0001	4476.3027	74.7282	2903.8348	983.2553	0.0401	0.1545
4759	1001	2586	1117	609.8582	35.3385	224.6413	27.9586	37.1781	5832.8090	0.0001	0.0000	-0.4946	0.0043	0.0002	0.0001	4537.0925	74.5713	3038.3201	936.5111	0.0780	0.1302
4762	1022	2511	1046	583.6102	35.1410	194.8155	28.4473	0.0000	627.1976	0.0002	0.0000	-0.4967	0.0043	0.0002	0.0001	4483.2900	74.4627	3094.8650	84.4656	0.1030	0.0314
4765	985	2534	1093	573.6785	34.5969	287.2943	28.7268	271.4124	185.3822	0.0001	0.0000	-0.4928	0.0039	0.0001	0.0001	4472.7121	71.9482	2690.3972	174.8610	0.0000	0.0104
4793	976	2451	1053	591.7718	34.9963	211.0250	27.7904	633.4285	187.9403	0.0001	0.0000	-0.4893	0.0047	0.0002	0.0001	4480.7305	74.1111	2361.6423	174.1628	0.0000	0.1120
4725	975	2488	1074	598.8565	34.9267	233.2469	28.1163	726.8097	189.3823	0.0001	0.0000	-0.4916	0.0045	0.0002	0.0001	4515.1009	74.5546	2249.4193	174.4043	0.0000	0.0880
4745	901	2493	1095	618.8910	35.5684	184.5147	26.9650	522.6344	192.5819	0.0001	0.0000	-0.4920	0.0046	0.0001	0.0001	4445.6143	74.0653	2477.5697	180.0029	0.0000	0.1497
4797	942	2569	1125	620.6311	35.6630	201.7482	28.0069	0.0000	197.5920	0.0002	0.0000	-0.4931	0.0045	0.0002	0.0001	4490.2623	74.1803	3045.1071	72.3807	0.1047	0.0309
4689	918	2523	1052	567.8997	33.6448	232.1645	28.3475	523.2284	183.0158	0.0001	0.0000	-0.4972	0.0039	0.0003	0.0001	4401.8827	71.5555	2458.5882	170.3837	0.0000	0.0294
4724	975	2523	1081	558.2916	35.0285	195.1904	27.5405	549.5826	596.9162	0.0001	0.0000	-0.4969	0.0043	0.0003	0.0001	4426.6171	74.0261	2539.2792	599.3049	0.0794	0.1050
4737	945	2584	1072	592.0545	35.0745	151.8466	26.2016	0.0000	775.4237	0.0002	0.0000	-0.4959	0.0044	0.0001	0.0001	4426.4164	73.7447	3164.4425	87.3073	0.1221	0.0306
4738	991	2527	1121	661.2331	36.2877	231.5261	28.0833	0.0001	563.0583	0.0002	0.0000	-0.4973	0.0042	0.0001	0.0001	4496.5521	74.3517	2952.2720	80.6394	0.0762	0.0319
4754	918	2526	1104	519.5304	34.4935	245.9180	28.9537	325.6367	942.8851	0.0001	0.0000	-0.4932	0.0046	0.0002	0.0001	4469.6794	74.4387	2668.3886	947.1349	0.1190	0.1400
4759	923	2482	1048	573.1774	33.7957	243.2672	27.4654	0.0019	188.0715	0.0001	0.0000	-0.4975	0.0040	0.0000	0.0000	4466.2563	72.7099	2900.0134	68.0555	0.0681	0.0318
4743	996	2539	1073	607.4826	35.8343	197.9511	27.8453	0.0000	268.6577	0.0002	0.0000	-0.4937	0.0044	0.0001	0.0001	4452.2823	73.9591	3069.2693	73.6715	0.1123	0.0306
4746	1013	2483	1118	620.3766	35.9160	214.5590	28.3024	708.3006	385.3585	0.0002	0.0000	-0.4934	0.0045	0.0002	0.0001	4439.4172	74.2091	2387.0320	380.8174	0.0157	0.0874
4769	887	2541	1117	612.8046	36.2738	224.0538	28.0313	538.1296	733.3505	0.0002	0.0000	-0.5016	0.0041	0.0002	0.0001	4449.4314	74.3690	2469.8703	735.3414	0.0398	0.1401
4776	989	2482	1069	611.0258	35.8388	199.3809	27.6773	0.0000	636.6112	0.0001	0.0000	-0.4888	0.0047	0.0001	0.0001	4487.7664	74.4406	3030.8030	82.8859	0.1205	0.0313
4783	964	2506	1107	622.7223	35.2937	176.5033	27.0144	696.3639	191.9591	0.0001	0.0000	-0.4987	0.0042	0.0004	0.0001	4584.4307	75.1882	2309.1614	177.6656	0.0000	0.1494
