noWIMP/withWIMP/diff/D/sig: 7104.174176 7105.389895 1.215719 2.431438 0.296497
noWIMP/withWIMP/diff/D/sig: 7114.213374 7113.270265 -0.943109 1.886218 0.389415
noWIMP/withWIMP/diff/D/sig: 7102.826808 7102.445222 -0.381586 0.763173 0.682777
noWIMP/withWIMP/diff/D/sig: 7115.504397 7113.100852 -2.403544 4.807089 0.090397
noWIMP/withWIMP/diff/D/sig: 7063.863472 7064.279477 0.416005 0.832011 0.659677
noWIMP/withWIMP/diff/D/sig: 7136.196057 7135.950109 -0.245948 0.491896 0.781963
noWIMP/withWIMP/diff/D/sig: 7203.483655 7202.459371 -1.024284 2.048567 0.359054
noWIMP/withWIMP/diff/D/sig: 7159.903435 7158.196961 -1.706474 3.412948 0.181505
noWIMP/withWIMP/diff/D/sig: 7136.070701 7138.555475 2.484775 4.969549 0.083344
noWIMP/withWIMP/diff/D/sig: 6932.468507 6931.681488 -0.787019 1.574038 0.455200
noWIMP/withWIMP/diff/D/sig: 7216.335275 7216.662723 0.327447 0.654894 0.720761
noWIMP/withWIMP/diff/D/sig: 7085.992161 7087.155088 1.162927 2.325854 0.312570
noWIMP/withWIMP/diff/D/sig: 7155.817908 7155.944017 0.126109 0.252218 0.881519
noWIMP/withWIMP/diff/D/sig: 7226.619717 7226.468644 -0.151073 0.302146 0.859785
noWIMP/withWIMP/diff/D/sig: 7193.264223 7194.112935 0.848712 1.697424 0.427966
noWIMP/withWIMP/diff/D/sig: 7209.068115 7208.898785 -0.169330 0.338660 0.844230
noWIMP/withWIMP/diff/D/sig: 7005.569293 7007.051572 1.482279 2.964558 0.227120
noWIMP/withWIMP/diff/D/sig: 7088.596002 7090.351349 1.755347 3.510695 0.172847
noWIMP/withWIMP/diff/D/sig: 7344.847796 7345.547969 0.700173 1.400346 0.496499
noWIMP/withWIMP/diff/D/sig: 7232.558275 7232.463296 -0.094979 0.189958 0.909392
noWIMP/withWIMP/diff/D/sig: 7148.254116 7149.815425 1.561309 3.122618 0.209861
noWIMP/withWIMP/diff/D/sig: 7039.869040 7042.738274 2.869234 5.738469 0.056742
noWIMP/withWIMP/diff/D/sig: 7312.895608 7313.023362 0.127754 0.255508 0.880070
noWIMP/withWIMP/diff/D/sig: 7268.739096 7269.495698 0.756601 1.513203 0.469259
noWIMP/withWIMP/diff/D/sig: 6998.470441 7000.906142 2.435702 4.871403 0.087536
noWIMP/withWIMP/diff/D/sig: 7165.533066 7164.490214 -1.042852 2.085703 0.352448
noWIMP/withWIMP/diff/D/sig: 7114.040012 7115.299067 1.259056 2.518112 0.283922
noWIMP/withWIMP/diff/D/sig: 6977.163927 6976.978375 -0.185552 0.371104 0.830646
noWIMP/withWIMP/diff/D/sig: 7310.932142 7309.880981 -1.051162 2.102324 0.349531
noWIMP/withWIMP/diff/D/sig: 6966.952492 6968.704520 1.752028 3.504056 0.173422
noWIMP/withWIMP/diff/D/sig: 7193.945071 7193.809334 -0.135737 0.271474 0.873072
noWIMP/withWIMP/diff/D/sig: 7158.717649 7160.028010 1.310360 2.620721 0.269723
noWIMP/withWIMP/diff/D/sig: 7125.657697 7124.609125 -1.048572 2.097145 0.350438
noWIMP/withWIMP/diff/D/sig: 7301.855054 7304.232611 2.377557 4.755113 0.092777
noWIMP/withWIMP/diff/D/sig: 7208.808332 7206.948600 -1.859732 3.719464 0.155714
noWIMP/withWIMP/diff/D/sig: 7061.751151 7061.901475 0.150324 0.300648 0.860429
noWIMP/withWIMP/diff/D/sig: 7016.762549 7019.148628 2.386079 4.772159 0.091990
noWIMP/withWIMP/diff/D/sig: 7061.754769 7062.862942 1.108173 2.216346 0.330162
noWIMP/withWIMP/diff/D/sig: 7142.754737 7142.041450 -0.713287 1.426574 0.490031
noWIMP/withWIMP/diff/D/sig: 7089.992614 7091.207903 1.215289 2.430577 0.296624
noWIMP/withWIMP/diff/D/sig: 7212.557750 7214.271537 1.713786 3.427573 0.180182
noWIMP/withWIMP/diff/D/sig: 7067.751722 7068.727309 0.975588 1.951175 0.376971
noWIMP/withWIMP/diff/D/sig: 7206.684005 7208.902668 2.218663 4.437326 0.108754
noWIMP/withWIMP/diff/D/sig: 7057.570498 7057.384473 -0.186025 0.372050 0.830253
noWIMP/withWIMP/diff/D/sig: 7003.224342 7002.186435 -1.037907 2.075815 0.354195
noWIMP/withWIMP/diff/D/sig: 7129.392709 7130.813186 1.420476 2.840953 0.241599
noWIMP/withWIMP/diff/D/sig: 7116.990447 7118.351963 1.361516 2.723032 0.256272
noWIMP/withWIMP/diff/D/sig: 7222.411422 7225.095262 2.683840 5.367679 0.068300
noWIMP/withWIMP/diff/D/sig: 7051.284919 7051.785544 0.500625 1.001250 0.606152
noWIMP/withWIMP/diff/D/sig: 7064.042790 7065.611259 1.568469 3.136938 0.208364
noWIMP/withWIMP/diff/D/sig: 7108.514044 7108.148908 -0.365136 0.730272 0.694102
noWIMP/withWIMP/diff/D/sig: 7125.001509 7124.618665 -0.382844 0.765688 0.681919
noWIMP/withWIMP/diff/D/sig: 7157.386177 7158.626535 1.240357 2.480714 0.289281
noWIMP/withWIMP/diff/D/sig: 6931.461014 6930.622372 -0.838642 1.677284 0.432297
noWIMP/withWIMP/diff/D/sig: 7011.780697 7011.289810 -0.490887 0.981774 0.612083
noWIMP/withWIMP/diff/D/sig: 7124.461687 7123.294327 -1.167361 2.334721 0.311187
noWIMP/withWIMP/diff/D/sig: 7139.583739 7139.785362 0.201622 0.403245 0.817403
noWIMP/withWIMP/diff/D/sig: 7195.085433 7197.368862 2.283428 4.566857 0.101934
noWIMP/withWIMP/diff/D/sig: 7053.813495 7054.839829 1.026334 2.052668 0.358318
noWIMP/withWIMP/diff/D/sig: 7063.796801 7061.443886 -2.352915 4.705831 0.095092
noWIMP/withWIMP/diff/D/sig: 7228.141517 7228.515991 0.374474 0.748948 0.687651
noWIMP/withWIMP/diff/D/sig: 7201.673630 7202.062639 0.389009 0.778018 0.677728
noWIMP/withWIMP/diff/D/sig: 7150.849135 7152.717271 1.868137 3.736273 0.154411
noWIMP/withWIMP/diff/D/sig: 7159.528633 7160.773821 1.245188 2.490376 0.287887
noWIMP/withWIMP/diff/D/sig: 7118.185872 7120.977445 2.791573 5.583147 0.061325
noWIMP/withWIMP/diff/D/sig: 7025.335972 7026.950653 1.614682 3.229363 0.198954
noWIMP/withWIMP/diff/D/sig: 7066.418883 7066.564709 0.145825 0.291651 0.864309
noWIMP/withWIMP/diff/D/sig: 7039.048358 7038.933326 -0.115032 0.230064 0.891338
noWIMP/withWIMP/diff/D/sig: 7256.443776 7256.811962 0.368186 0.736373 0.691988
noWIMP/withWIMP/diff/D/sig: 7170.315634 7170.350174 0.034539 0.069079 0.966050
noWIMP/withWIMP/diff/D/sig: 7194.402023 7193.726533 -0.675491 1.350981 0.508907
noWIMP/withWIMP/diff/D/sig: 7156.104534 7156.252304 0.147770 0.295540 0.862630
noWIMP/withWIMP/diff/D/sig: 7065.945006 7066.268694 0.323689 0.647378 0.723475
noWIMP/withWIMP/diff/D/sig: 7099.054150 7097.203516 -1.850634 3.701268 0.157138
noWIMP/withWIMP/diff/D/sig: 7132.044406 7130.313918 -1.730488 3.460975 0.177198
noWIMP/withWIMP/diff/D/sig: 7136.296459 7137.543191 1.246732 2.493464 0.287443
noWIMP/withWIMP/diff/D/sig: 7024.574464 7025.878600 1.304137 2.608273 0.271407
noWIMP/withWIMP/diff/D/sig: 7173.759441 7174.372485 0.613043 1.226087 0.541700
noWIMP/withWIMP/diff/D/sig: 7323.073781 7323.006545 -0.067236 0.134473 0.934974
noWIMP/withWIMP/diff/D/sig: 7292.894751 7293.549427 0.654675 1.309351 0.519611
noWIMP/withWIMP/diff/D/sig: 7007.763179 7009.924571 2.161392 4.322784 0.115165
noWIMP/withWIMP/diff/D/sig: 7311.922250 7311.350944 -0.571307 1.142613 0.564787
noWIMP/withWIMP/diff/D/sig: 7153.191154 7154.485480 1.294326 2.588652 0.274083
noWIMP/withWIMP/diff/D/sig: 7270.739225 7271.730011 0.990785 1.981571 0.371285
noWIMP/withWIMP/diff/D/sig: 7166.081483 7164.815808 -1.265675 2.531350 0.282049
noWIMP/withWIMP/diff/D/sig: 7083.497482 7082.889085 -0.608398 1.216796 0.544222
noWIMP/withWIMP/diff/D/sig: 7245.125967 7245.403421 0.277455 0.554910 0.757710
noWIMP/withWIMP/diff/D/sig: 7108.465396 7109.136379 0.670983 1.341967 0.511206
noWIMP/withWIMP/diff/D/sig: 6957.781174 6959.012711 1.231536 2.463073 0.291844
noWIMP/withWIMP/diff/D/sig: 6976.487799 6977.812966 1.325168 2.650335 0.265758
noWIMP/withWIMP/diff/D/sig: 7076.200260 7076.430042 0.229782 0.459565 0.794707
noWIMP/withWIMP/diff/D/sig: 7073.943294 7073.461852 -0.481443 0.962885 0.617891
noWIMP/withWIMP/diff/D/sig: 7312.789349 7312.135226 -0.654123 1.308246 0.519898
noWIMP/withWIMP/diff/D/sig: 7114.106307 7114.473193 0.366886 0.733772 0.692889
noWIMP/withWIMP/diff/D/sig: 7209.310769 7209.869734 0.558965 1.117930 0.571801
noWIMP/withWIMP/diff/D/sig: 7417.005388 7416.916447 -0.088940 0.177881 0.914900
noWIMP/withWIMP/diff/D/sig: 7168.938680 7169.016309 0.077629 0.155259 0.925307
noWIMP/withWIMP/diff/D/sig: 7231.911738 7231.532471 -0.379267 0.758534 0.684363
noWIMP/withWIMP/diff/D/sig: 7157.469637 7155.326431 -2.143206 4.286412 0.117278
noWIMP/withWIMP/diff/D/sig: 7221.849264 7221.530938 -0.318326 0.636652 0.727366
noWIMP/withWIMP/diff/D/sig: 7203.527478 7203.499173 -0.028305 0.056609 0.972092
noWIMP/withWIMP/diff/D/sig: 7081.760939 7082.931100 1.170161 2.340322 0.310317
noWIMP/withWIMP/diff/D/sig: 7119.162693 7118.955215 -0.207478 0.414956 0.812631
noWIMP/withWIMP/diff/D/sig: 7077.643917 7077.512428 -0.131489 0.262978 0.876789
noWIMP/withWIMP/diff/D/sig: 6890.042440 6890.418489 0.376049 0.752098 0.686569
noWIMP/withWIMP/diff/D/sig: 7079.900325 7079.363944 -0.536382 1.072764 0.584861
noWIMP/withWIMP/diff/D/sig: 7196.174429 7195.820203 -0.354225 0.708451 0.701717
noWIMP/withWIMP/diff/D/sig: 7210.355432 7209.228890 -1.126542 2.253085 0.324152
noWIMP/withWIMP/diff/D/sig: 7136.336053 7133.051267 -3.284786 6.569573 0.037449
noWIMP/withWIMP/diff/D/sig: 6928.529865 6928.824437 0.294571 0.589142 0.744851
noWIMP/withWIMP/diff/D/sig: 7147.838305 7149.704018 1.865713 3.731426 0.154786
noWIMP/withWIMP/diff/D/sig: 7022.098084 7022.741075 0.642991 1.285982 0.525718
noWIMP/withWIMP/diff/D/sig: 7286.298879 7288.946991 2.648111 5.296223 0.070785
noWIMP/withWIMP/diff/D/sig: 7125.654884 7126.445412 0.790527 1.581055 0.453606
noWIMP/withWIMP/diff/D/sig: 7034.776751 7036.907309 2.130557 4.261114 0.118771
noWIMP/withWIMP/diff/D/sig: 7015.412069 7013.234597 -2.177472 4.354944 0.113328
noWIMP/withWIMP/diff/D/sig: 7137.311012 7135.510863 -1.800149 3.600298 0.165274
noWIMP/withWIMP/diff/D/sig: 7118.550654 7119.627311 1.076657 2.153313 0.340733
noWIMP/withWIMP/diff/D/sig: 7139.115053 7139.641039 0.525986 1.051972 0.590972
noWIMP/withWIMP/diff/D/sig: 7108.674395 7107.128567 -1.545828 3.091656 0.213135
noWIMP/withWIMP/diff/D/sig: 7089.631172 7090.872078 1.240906 2.481812 0.289122
noWIMP/withWIMP/diff/D/sig: 7075.103356 7073.581390 -1.521967 3.043933 0.218282
noWIMP/withWIMP/diff/D/sig: 6977.221044 6977.846244 0.625201 1.250402 0.535154
noWIMP/withWIMP/diff/D/sig: 7052.814393 7053.589562 0.775169 1.550338 0.460626
noWIMP/withWIMP/diff/D/sig: 7239.876353 7242.074700 2.198347 4.396694 0.110986
noWIMP/withWIMP/diff/D/sig: 6870.163158 6872.522985 2.359828 4.719655 0.094437
noWIMP/withWIMP/diff/D/sig: 7301.633573 7301.468566 -0.165007 0.330013 0.847888
noWIMP/withWIMP/diff/D/sig: 7122.898046 7123.869427 0.971381 1.942761 0.378560
noWIMP/withWIMP/diff/D/sig: 7041.538074 7041.375235 -0.162838 0.325677 0.849729
noWIMP/withWIMP/diff/D/sig: 7117.727755 7118.035988 0.308232 0.616465 0.734745
noWIMP/withWIMP/diff/D/sig: 7038.795376 7039.996090 1.200713 2.401427 0.300979
noWIMP/withWIMP/diff/D/sig: 7115.023653 7114.000410 -1.023243 2.046486 0.359427
noWIMP/withWIMP/diff/D/sig: 7310.862859 7308.808648 -2.054211 4.108423 0.128194
noWIMP/withWIMP/diff/D/sig: 7103.094288 7103.759313 0.665025 1.330050 0.514261
noWIMP/withWIMP/diff/D/sig: 7179.196615 7178.730600 -0.466016 0.932031 0.627497
noWIMP/withWIMP/diff/D/sig: 7379.490505 7378.382954 -1.107551 2.215103 0.330367
noWIMP/withWIMP/diff/D/sig: 7064.681619 7063.777627 -0.903992 1.807985 0.404950
noWIMP/withWIMP/diff/D/sig: 7190.719990 7192.716420 1.996430 3.992860 0.135819
noWIMP/withWIMP/diff/D/sig: 7150.009247 7149.324669 -0.684578 1.369157 0.504303
noWIMP/withWIMP/diff/D/sig: 7160.161615 7159.040763 -1.120853 2.241705 0.326002
noWIMP/withWIMP/diff/D/sig: 7242.364747 7240.252378 -2.112369 4.224737 0.120951
noWIMP/withWIMP/diff/D/sig: 7171.365875 7171.587424 0.221548 0.443097 0.801277
noWIMP/withWIMP/diff/D/sig: 6982.082803 6982.441613 0.358810 0.717621 0.698507
noWIMP/withWIMP/diff/D/sig: 7208.484495 7210.582710 2.098215 4.196430 0.122675
noWIMP/withWIMP/diff/D/sig: 7054.083916 7054.634421 0.550505 1.101010 0.576659
noWIMP/withWIMP/diff/D/sig: 7097.723996 7097.432652 -0.291344 0.582687 0.747259
noWIMP/withWIMP/diff/D/sig: 7065.272219 7066.436027 1.163808 2.327615 0.312295
noWIMP/withWIMP/diff/D/sig: 7113.187508 7113.371408 0.183900 0.367799 0.832019
noWIMP/withWIMP/diff/D/sig: 7203.949763 7205.488106 1.538344 3.076687 0.214736
noWIMP/withWIMP/diff/D/sig: 7101.044153 7102.721631 1.677477 3.354955 0.186845
noWIMP/withWIMP/diff/D/sig: 7026.009704 7028.145068 2.135364 4.270729 0.118201
noWIMP/withWIMP/diff/D/sig: 7062.191644 7062.726969 0.535325 1.070651 0.585479
noWIMP/withWIMP/diff/D/sig: 7263.228110 7263.412435 0.184324 0.368649 0.831666
noWIMP/withWIMP/diff/D/sig: 7092.391927 7091.937560 -0.454367 0.908735 0.634850
noWIMP/withWIMP/diff/D/sig: 7007.999124 7007.740959 -0.258165 0.516330 0.772468
noWIMP/withWIMP/diff/D/sig: 7174.867399 7174.235182 -0.632217 1.264434 0.531412
noWIMP/withWIMP/diff/D/sig: 7236.466167 7236.873015 0.406849 0.813697 0.665745
noWIMP/withWIMP/diff/D/sig: 7179.895455 7179.190343 -0.705112 1.410224 0.494053
noWIMP/withWIMP/diff/D/sig: 7239.037726 7237.197158 -1.840568 3.681136 0.158727
noWIMP/withWIMP/diff/D/sig: 7282.246855 7283.234447 0.987593 1.975185 0.372472
noWIMP/withWIMP/diff/D/sig: 7095.628568 7095.501120 -0.127448 0.254896 0.880339
noWIMP/withWIMP/diff/D/sig: 7141.455290 7145.867782 4.412492 8.824983 0.012125
noWIMP/withWIMP/diff/D/sig: 7168.814863 7169.323415 0.508552 1.017104 0.601366
noWIMP/withWIMP/diff/D/sig: 7044.218759 7044.496532 0.277772 0.555545 0.757469
noWIMP/withWIMP/diff/D/sig: 6895.629580 6894.317678 -1.311902 2.623804 0.269307
noWIMP/withWIMP/diff/D/sig: 7141.572630 7140.526612 -1.046017 2.092035 0.351334
noWIMP/withWIMP/diff/D/sig: 7130.514307 7131.074679 0.560371 1.120743 0.570997
noWIMP/withWIMP/diff/D/sig: 7202.798448 7205.039482 2.241034 4.482067 0.106349
noWIMP/withWIMP/diff/D/sig: 7104.297981 7105.312953 1.014972 2.029944 0.362413
noWIMP/withWIMP/diff/D/sig: 7212.528989 7215.278620 2.749631 5.499263 0.063951
noWIMP/withWIMP/diff/D/sig: 7177.019239 7176.324467 -0.694772 1.389545 0.499188
noWIMP/withWIMP/diff/D/sig: 7110.737796 7108.941091 -1.796705 3.593410 0.165844
noWIMP/withWIMP/diff/D/sig: 7236.148960 7237.144349 0.995388 1.990777 0.369580
noWIMP/withWIMP/diff/D/sig: 7045.889216 7046.589753 0.700538 1.401075 0.496318
noWIMP/withWIMP/diff/D/sig: 7101.784625 7103.614761 1.830136 3.660272 0.160392
noWIMP/withWIMP/diff/D/sig: 7184.094665 7184.091082 -0.003584 0.007167 0.996423
noWIMP/withWIMP/diff/D/sig: 7363.212056 7364.241406 1.029351 2.058701 0.357239
noWIMP/withWIMP/diff/D/sig: 7157.305864 7157.028076 -0.277788 0.555577 0.757457
noWIMP/withWIMP/diff/D/sig: 7064.245543 7064.558218 0.312675 0.625350 0.731488
noWIMP/withWIMP/diff/D/sig: 7104.270820 7104.084085 -0.186735 0.373471 0.829663
noWIMP/withWIMP/diff/D/sig: 7118.477857 7119.531496 1.053638 2.107277 0.348667
noWIMP/withWIMP/diff/D/sig: 7049.119555 7049.278814 0.159259 0.318518 0.852776
noWIMP/withWIMP/diff/D/sig: 7283.156613 7285.401295 2.244681 4.489363 0.105961
noWIMP/withWIMP/diff/D/sig: 7195.992672 7195.024362 -0.968311 1.936621 0.379724
noWIMP/withWIMP/diff/D/sig: 7272.332712 7272.577165 0.244453 0.488906 0.783133
noWIMP/withWIMP/diff/D/sig: 7197.186677 7197.578992 0.392316 0.784632 0.675491
noWIMP/withWIMP/diff/D/sig: 6957.387945 6958.557128 1.169183 2.338367 0.310621
noWIMP/withWIMP/diff/D/sig: 7119.055032 7118.464912 -0.590120 1.180241 0.554261
noWIMP/withWIMP/diff/D/sig: 7113.756953 7114.717277 0.960324 1.920649 0.382769
noWIMP/withWIMP/diff/D/sig: 7121.724553 7122.861366 1.136813 2.273626 0.320840
noWIMP/withWIMP/diff/D/sig: 7039.176242 7040.617995 1.441753 2.883506 0.236513
noWIMP/withWIMP/diff/D/sig: 7062.624799 7062.960959 0.336160 0.672319 0.714509
noWIMP/withWIMP/diff/D/sig: 7074.964118 7075.276770 0.312652 0.625303 0.731505
noWIMP/withWIMP/diff/D/sig: 7107.830741 7108.458455 0.627714 1.255429 0.533811
noWIMP/withWIMP/diff/D/sig: 7159.493646 7161.059983 1.566337 3.132674 0.208809
noWIMP/withWIMP/diff/D/sig: 7036.503884 7036.947071 0.443187 0.886374 0.641987
noWIMP/withWIMP/diff/D/sig: 7206.163884 7207.999676 1.835792 3.671584 0.159487
noWIMP/withWIMP/diff/D/sig: 7082.879392 7081.533143 -1.346249 2.692497 0.260215
noWIMP/withWIMP/diff/D/sig: 7026.389748 7026.378219 -0.011529 0.023058 0.988537
noWIMP/withWIMP/diff/D/sig: 7278.833184 7279.978329 1.145146 2.290292 0.318178
noWIMP/withWIMP/diff/D/sig: 7031.978106 7033.502870 1.524765 3.049530 0.217672
noWIMP/withWIMP/diff/D/sig: 7143.548950 7142.742569 -0.806381 1.612761 0.446471
noWIMP/withWIMP/diff/D/sig: 7111.238789 7110.712040 -0.526749 1.053499 0.590521
noWIMP/withWIMP/diff/D/sig: 7396.034899 7393.326859 -2.708040 5.416080 0.066667
noWIMP/withWIMP/diff/D/sig: 7027.439892 7027.700185 0.260292 0.520585 0.770826
noWIMP/withWIMP/diff/D/sig: 7344.313487 7344.316330 0.002843 0.005685 0.997161
noWIMP/withWIMP/diff/D/sig: 7080.150681 7080.525683 0.375002 0.750004 0.687288
noWIMP/withWIMP/diff/D/sig: 7063.947384 7062.384448 -1.562935 3.125871 0.209520
noWIMP/withWIMP/diff/D/sig: 7243.041753 7243.927664 0.885911 1.771822 0.412338
noWIMP/withWIMP/diff/D/sig: 7183.555870 7185.164301 1.608431 3.216862 0.200201
noWIMP/withWIMP/diff/D/sig: 7167.954514 7167.792174 -0.162340 0.324681 0.850152
noWIMP/withWIMP/diff/D/sig: 7277.919952 7275.874237 -2.045715 4.091430 0.129288
noWIMP/withWIMP/diff/D/sig: 7077.417039 7077.255303 -0.161736 0.323472 0.850666
noWIMP/withWIMP/diff/D/sig: 7111.411671 7113.528163 2.116492 4.232984 0.120453
noWIMP/withWIMP/diff/D/sig: 7358.779383 7361.316504 2.537121 5.074241 0.079094
noWIMP/withWIMP/diff/D/sig: 7143.441711 7145.923631 2.481921 4.963841 0.083583
noWIMP/withWIMP/diff/D/sig: 7215.991758 7215.019117 -0.972640 1.945280 0.378084
noWIMP/withWIMP/diff/D/sig: 7232.568591 7233.627790 1.059199 2.118398 0.346733
noWIMP/withWIMP/diff/D/sig: 7195.693396 7196.975327 1.281931 2.563863 0.277501
noWIMP/withWIMP/diff/D/sig: 7194.808609 7194.055440 -0.753169 1.506338 0.470872
noWIMP/withWIMP/diff/D/sig: 7006.169192 7005.044460 -1.124731 2.249463 0.324740
noWIMP/withWIMP/diff/D/sig: 7166.772351 7167.473904 0.701553 1.403106 0.495815
noWIMP/withWIMP/diff/D/sig: 7169.897757 7172.031920 2.134163 4.268326 0.118344
noWIMP/withWIMP/diff/D/sig: 7300.910482 7301.682292 0.771810 1.543619 0.462176
noWIMP/withWIMP/diff/D/sig: 7059.024416 7058.663264 -0.361152 0.722303 0.696873
noWIMP/withWIMP/diff/D/sig: 7162.599524 7161.530844 -1.068680 2.137359 0.343462
noWIMP/withWIMP/diff/D/sig: 7212.784279 7213.305945 0.521666 1.043332 0.593531
noWIMP/withWIMP/diff/D/sig: 7168.887841 7170.244198 1.356357 2.712714 0.257598
noWIMP/withWIMP/diff/D/sig: 7291.860647 7290.892715 -0.967932 1.935863 0.379868
noWIMP/withWIMP/diff/D/sig: 7128.830268 7127.184078 -1.646190 3.292381 0.192783
noWIMP/withWIMP/diff/D/sig: 7146.629825 7146.065469 -0.564356 1.128712 0.568726
noWIMP/withWIMP/diff/D/sig: 7041.894287 7042.966089 1.071802 2.143604 0.342391
noWIMP/withWIMP/diff/D/sig: 7073.196110 7073.745335 0.549225 1.098450 0.577397
noWIMP/withWIMP/diff/D/sig: 7071.836216 7069.850163 -1.986053 3.972105 0.137236
noWIMP/withWIMP/diff/D/sig: 7197.962406 7199.642187 1.679781 3.359562 0.186415
noWIMP/withWIMP/diff/D/sig: 7057.659820 7060.698733 3.038913 6.077825 0.047887
noWIMP/withWIMP/diff/D/sig: 7018.624246 7019.157992 0.533746 1.067492 0.586404
noWIMP/withWIMP/diff/D/sig: 7204.432099 7204.226467 -0.205633 0.411265 0.814132
noWIMP/withWIMP/diff/D/sig: 7196.087999 7196.318280 0.230281 0.460562 0.794310
noWIMP/withWIMP/diff/D/sig: 7132.087003 7133.441989 1.354986 2.709972 0.257951
noWIMP/withWIMP/diff/D/sig: 7149.908694 7148.152245 -1.756450 3.512899 0.172657
noWIMP/withWIMP/diff/D/sig: 7130.002246 7131.143794 1.141548 2.283096 0.319324
noWIMP/withWIMP/diff/D/sig: 7032.937173 7034.008828 1.071655 2.143310 0.342441
noWIMP/withWIMP/diff/D/sig: 7315.649241 7313.828345 -1.820896 3.641792 0.161881
noWIMP/withWIMP/diff/D/sig: 6996.227139 6995.980270 -0.246868 0.493737 0.781243
noWIMP/withWIMP/diff/D/sig: 6999.438637 6999.967615 0.528978 1.057957 0.589207
noWIMP/withWIMP/diff/D/sig: 7155.989894 7157.502215 1.512321 3.024642 0.220398
noWIMP/withWIMP/diff/D/sig: 7161.141066 7160.312372 -0.828694 1.657389 0.436619
noWIMP/withWIMP/diff/D/sig: 7131.422638 7132.575041 1.152403 2.304806 0.315877
noWIMP/withWIMP/diff/D/sig: 7324.411334 7326.109228 1.697894 3.395788 0.183069
noWIMP/withWIMP/diff/D/sig: 7183.452252 7184.891633 1.439380 2.878761 0.237075
noWIMP/withWIMP/diff/D/sig: 7152.232350 7153.713486 1.481136 2.962272 0.227379
noWIMP/withWIMP/diff/D/sig: 7144.020843 7144.963424 0.942581 1.885161 0.389621
noWIMP/withWIMP/diff/D/sig: 7209.381750 7211.318525 1.936775 3.873550 0.144168
noWIMP/withWIMP/diff/D/sig: 7128.363106 7129.618491 1.255386 2.510771 0.284966
noWIMP/withWIMP/diff/D/sig: 7130.854511 7132.234133 1.379622 2.759244 0.251674
noWIMP/withWIMP/diff/D/sig: 7160.791207 7162.802892 2.011686 4.023372 0.133763
noWIMP/withWIMP/diff/D/sig: 7123.305421 7121.975467 -1.329954 2.659908 0.264489
noWIMP/withWIMP/diff/D/sig: 7210.222288 7211.409037 1.186748 2.373497 0.305212
noWIMP/withWIMP/diff/D/sig: 7217.657203 7219.623009 1.965806 3.931612 0.140043
noWIMP/withWIMP/diff/D/sig: 7194.557679 7196.678437 2.120757 4.241515 0.119941
noWIMP/withWIMP/diff/D/sig: 7192.965466 7192.545921 -0.419545 0.839091 0.657346
noWIMP/withWIMP/diff/D/sig: 7219.320891 7218.061866 -1.259025 2.518050 0.283931
noWIMP/withWIMP/diff/D/sig: 7261.343758 7262.790570 1.446812 2.893624 0.235319
noWIMP/withWIMP/diff/D/sig: 7271.850256 7270.826627 -1.023629 2.047258 0.359289
noWIMP/withWIMP/diff/D/sig: 7293.439645 7293.455794 0.016149 0.032298 0.983981
noWIMP/withWIMP/diff/D/sig: 7000.661823 7000.161679 -0.500143 1.000287 0.606444
noWIMP/withWIMP/diff/D/sig: 7079.212113 7078.709454 -0.502659 1.005318 0.604920
noWIMP/withWIMP/diff/D/sig: 7111.685020 7113.511631 1.826610 3.653220 0.160958
noWIMP/withWIMP/diff/D/sig: 7122.220297 7121.244644 -0.975653 1.951307 0.376946
noWIMP/withWIMP/diff/D/sig: 7150.844512 7150.523735 -0.320777 0.641554 0.725585
noWIMP/withWIMP/diff/D/sig: 7068.299055 7067.454570 -0.844485 1.688971 0.429778
noWIMP/withWIMP/diff/D/sig: 7131.169650 7131.691720 0.522070 1.044140 0.593291
noWIMP/withWIMP/diff/D/sig: 7056.226972 7056.390531 0.163559 0.327117 0.849117
noWIMP/withWIMP/diff/D/sig: 7217.010515 7215.872106 -1.138409 2.276817 0.320328
noWIMP/withWIMP/diff/D/sig: 7242.354978 7243.604441 1.249462 2.498925 0.286659
noWIMP/withWIMP/diff/D/sig: 7106.994579 7109.645542 2.650963 5.301926 0.070583
noWIMP/withWIMP/diff/D/sig: 7196.395373 7196.968523 0.573150 1.146300 0.563747
noWIMP/withWIMP/diff/D/sig: 7065.403228 7066.059054 0.655826 1.311652 0.519013
noWIMP/withWIMP/diff/D/sig: 7221.507359 7222.481340 0.973981 1.947962 0.377577
noWIMP/withWIMP/diff/D/sig: 7308.560449 7308.164764 -0.395684 0.791369 0.673219
noWIMP/withWIMP/diff/D/sig: 7032.673030 7032.649805 -0.023226 0.046452 0.977042
noWIMP/withWIMP/diff/D/sig: 7109.044977 7109.789393 0.744416 1.488833 0.475011
noWIMP/withWIMP/diff/D/sig: 7311.742975 7312.002459 0.259485 0.518969 0.771449
noWIMP/withWIMP/diff/D/sig: 7128.571588 7130.896913 2.325325 4.650649 0.097752
noWIMP/withWIMP/diff/D/sig: 7186.277174 7187.175047 0.897873 1.795747 0.407435
noWIMP/withWIMP/diff/D/sig: 7279.474532 7281.331164 1.856632 3.713265 0.156198
noWIMP/withWIMP/diff/D/sig: 7375.740751 7377.164938 1.424187 2.848373 0.240704
noWIMP/withWIMP/diff/D/sig: 7302.822081 7303.048099 0.226018 0.452036 0.797704
noWIMP/withWIMP/diff/D/sig: 7384.482438 7385.350372 0.867934 1.735869 0.419818
noWIMP/withWIMP/diff/D/sig: 7249.346996 7251.673494 2.326498 4.652997 0.097637
noWIMP/withWIMP/diff/D/sig: 7204.276938 7206.479546 2.202608 4.405216 0.110515
noWIMP/withWIMP/diff/D/sig: 7185.058283 7188.639249 3.580965 7.161931 0.027849
noWIMP/withWIMP/diff/D/sig: 7323.704542 7322.976456 -0.728086 1.456173 0.482832
noWIMP/withWIMP/diff/D/sig: 7343.891785 7344.471133 0.579347 1.158695 0.560264
noWIMP/withWIMP/diff/D/sig: 7191.486415 7192.030406 0.543991 1.087983 0.580427
noWIMP/withWIMP/diff/D/sig: 7102.753572 7103.929953 1.176382 2.352763 0.308393
noWIMP/withWIMP/diff/D/sig: 7309.487121 7307.739129 -1.747992 3.495984 0.174123
noWIMP/withWIMP/diff/D/sig: 7003.639994 7002.631524 -1.008470 2.016940 0.364777
noWIMP/withWIMP/diff/D/sig: 7116.709661 7116.969598 0.259937 0.519875 0.771100
noWIMP/withWIMP/diff/D/sig: 7038.624470 7039.632986 1.008517 2.017033 0.364760
noWIMP/withWIMP/diff/D/sig: 7263.792941 7263.752097 -0.040844 0.081689 0.959979
noWIMP/withWIMP/diff/D/sig: 6990.582399 6993.057503 2.475104 4.950208 0.084154
noWIMP/withWIMP/diff/D/sig: 7186.936256 7187.674824 0.738568 1.477136 0.477798
noWIMP/withWIMP/diff/D/sig: 7277.947523 7277.665173 -0.282350 0.564701 0.754009
noWIMP/withWIMP/diff/D/sig: 7142.590340 7146.015744 3.425404 6.850809 0.032536
noWIMP/withWIMP/diff/D/sig: 7088.442676 7087.556996 -0.885680 1.771359 0.412434
noWIMP/withWIMP/diff/D/sig: 7104.491282 7104.368938 -0.122344 0.244688 0.884844
noWIMP/withWIMP/diff/D/sig: 7015.192399 7014.533090 -0.659308 1.318616 0.517209
noWIMP/withWIMP/diff/D/sig: 6970.465723 6969.165820 -1.299903 2.599806 0.272558
noWIMP/withWIMP/diff/D/sig: 7293.208471 7293.761252 0.552781 1.105562 0.575348
noWIMP/withWIMP/diff/D/sig: 7195.160577 7194.225436 -0.935141 1.870282 0.392531
noWIMP/withWIMP/diff/D/sig: 7243.604181 7246.442518 2.838337 5.676673 0.058523
noWIMP/withWIMP/diff/D/sig: 7151.807346 7153.197903 1.390556 2.781112 0.248937
noWIMP/withWIMP/diff/D/sig: 7176.371099 7173.485338 -2.885760 5.771521 0.055812
noWIMP/withWIMP/diff/D/sig: 7204.735299 7203.620328 -1.114971 2.229942 0.327925
noWIMP/withWIMP/diff/D/sig: 7271.268237 7270.044770 -1.223467 2.446934 0.294208
noWIMP/withWIMP/diff/D/sig: 7227.901515 7227.186867 -0.714648 1.429295 0.489364
noWIMP/withWIMP/diff/D/sig: 7163.499932 7163.383878 -0.116054 0.232107 0.890427
noWIMP/withWIMP/diff/D/sig: 7187.774523 7185.730914 -2.043609 4.087217 0.129560
noWIMP/withWIMP/diff/D/sig: 7349.810684 7350.846204 1.035521 2.071041 0.355041
noWIMP/withWIMP/diff/D/sig: 7206.047014 7205.508197 -0.538817 1.077635 0.583438
noWIMP/withWIMP/diff/D/sig: 7054.589879 7053.155715 -1.434164 2.868327 0.238315
noWIMP/withWIMP/diff/D/sig: 7203.128964 7202.162135 -0.966829 1.933658 0.380287
noWIMP/withWIMP/diff/D/sig: 7101.475656 7102.830302 1.354646 2.709292 0.258039
noWIMP/withWIMP/diff/D/sig: 7116.666014 7117.018114 0.352100 0.704201 0.703209
noWIMP/withWIMP/diff/D/sig: 7077.920430 7079.784247 1.863817 3.727634 0.155080
noWIMP/withWIMP/diff/D/sig: 7307.002715 7307.397555 0.394840 0.789681 0.673788
noWIMP/withWIMP/diff/D/sig: 7253.221179 7254.159510 0.938331 1.876663 0.391280
noWIMP/withWIMP/diff/D/sig: 7080.384531 7078.781260 -1.603271 3.206542 0.201237
noWIMP/withWIMP/diff/D/sig: 7039.387915 7039.568369 0.180454 0.360909 0.834891
noWIMP/withWIMP/diff/D/sig: 7116.028875 7116.720044 0.691169 1.382338 0.500990
noWIMP/withWIMP/diff/D/sig: 7059.190274 7060.660607 1.470332 2.940665 0.229849
noWIMP/withWIMP/diff/D/sig: 6956.768073 6957.756677 0.988604 1.977209 0.372096
noWIMP/withWIMP/diff/D/sig: 7071.532144 7071.297207 -0.234937 0.469874 0.790620
noWIMP/withWIMP/diff/D/sig: 7238.581824 7238.423049 -0.158775 0.317550 0.853188
noWIMP/withWIMP/diff/D/sig: 7103.300591 7104.859849 1.559259 3.118518 0.210292
noWIMP/withWIMP/diff/D/sig: 7061.340118 7064.241321 2.901203 5.802405 0.054957
noWIMP/withWIMP/diff/D/sig: 7180.615473 7182.176843 1.561370 3.122740 0.209848
noWIMP/withWIMP/diff/D/sig: 7052.471205 7053.041876 0.570671 1.141343 0.565146
noWIMP/withWIMP/diff/D/sig: 7315.013832 7316.689995 1.676164 3.352328 0.187090
noWIMP/withWIMP/diff/D/sig: 7112.498562 7111.419952 -1.078609 2.157219 0.340068
noWIMP/withWIMP/diff/D/sig: 7085.471687 7085.859848 0.388162 0.776324 0.678303
noWIMP/withWIMP/diff/D/sig: 7179.008329 7178.009066 -0.999263 1.998525 0.368151
noWIMP/withWIMP/diff/D/sig: 7255.372852 7256.077232 0.704380 1.408761 0.494415
noWIMP/withWIMP/diff/D/sig: 7097.745318 7099.343796 1.598478 3.196957 0.202204
noWIMP/withWIMP/diff/D/sig: 7165.606767 7166.170741 0.563974 1.127948 0.568944
noWIMP/withWIMP/diff/D/sig: 7097.469383 7098.183349 0.713966 1.427932 0.489698
noWIMP/withWIMP/diff/D/sig: 7133.582439 7134.227306 0.644867 1.289735 0.524732
noWIMP/withWIMP/diff/D/sig: 7033.524960 7032.841820 -0.683140 1.366281 0.505029
noWIMP/withWIMP/diff/D/sig: 7073.747592 7074.167105 0.419513 0.839025 0.657367
noWIMP/withWIMP/diff/D/sig: 7103.503501 7103.308300 -0.195201 0.390403 0.822669
noWIMP/withWIMP/diff/D/sig: 7182.021883 7182.077757 0.055874 0.111749 0.945658
noWIMP/withWIMP/diff/D/sig: 7170.275852 7171.797883 1.522031 3.044063 0.218268
noWIMP/withWIMP/diff/D/sig: 7015.020559 7016.057362 1.036803 2.073606 0.354587
noWIMP/withWIMP/diff/D/sig: 6960.670703 6962.401817 1.731114 3.462228 0.177087
noWIMP/withWIMP/diff/D/sig: 7277.540394 7277.282727 -0.257667 0.515334 0.772853
noWIMP/withWIMP/diff/D/sig: 7358.344099 7358.549130 0.205030 0.410061 0.814623
noWIMP/withWIMP/diff/D/sig: 7245.288451 7246.226402 0.937952 1.875904 0.391429
noWIMP/withWIMP/diff/D/sig: 7413.530558 7413.530461 -0.000097 0.000194 0.999903
noWIMP/withWIMP/diff/D/sig: 7063.720234 7063.657328 -0.062906 0.125812 0.939032
noWIMP/withWIMP/diff/D/sig: 7125.862754 7125.421095 -0.441658 0.883316 0.642969
noWIMP/withWIMP/diff/D/sig: 7162.675186 7163.009818 0.334632 0.669265 0.715601
noWIMP/withWIMP/diff/D/sig: 7023.450344 7022.392861 -1.057483 2.114966 0.347329
noWIMP/withWIMP/diff/D/sig: 7284.378215 7282.466436 -1.911778 3.823556 0.147817
noWIMP/withWIMP/diff/D/sig: 7187.859056 7189.030528 1.171472 2.342943 0.309911
noWIMP/withWIMP/diff/D/sig: 7148.719098 7148.065490 -0.653608 1.307216 0.520166
noWIMP/withWIMP/diff/D/sig: 7166.608436 7166.699422 0.090986 0.181971 0.913031
noWIMP/withWIMP/diff/D/sig: 7139.650472 7137.379138 -2.271334 4.542668 0.103174
noWIMP/withWIMP/diff/D/sig: 7342.441604 7342.824996 0.383392 0.766784 0.681546
noWIMP/withWIMP/diff/D/sig: 7236.983549 7236.372560 -0.610988 1.221977 0.542814
noWIMP/withWIMP/diff/D/sig: 7054.886517 7054.403998 -0.482520 0.965040 0.617226
noWIMP/withWIMP/diff/D/sig: 6849.820453 6850.828924 1.008471 2.016942 0.364776
noWIMP/withWIMP/diff/D/sig: 7385.866229 7383.816864 -2.049365 4.098730 0.128817
noWIMP/withWIMP/diff/D/sig: 7186.321372 7186.699372 0.378000 0.756000 0.685230
noWIMP/withWIMP/diff/D/sig: 6912.909462 6911.975780 -0.933682 1.867363 0.393104
noWIMP/withWIMP/diff/D/sig: 7218.149090 7215.722485 -2.426605 4.853210 0.088336
noWIMP/withWIMP/diff/D/sig: 7224.700730 7224.275033 -0.425697 0.851393 0.653315
noWIMP/withWIMP/diff/D/sig: 7250.582290 7250.685955 0.103666 0.207331 0.901527
noWIMP/withWIMP/diff/D/sig: 7281.191421 7281.428773 0.237351 0.474703 0.788714
noWIMP/withWIMP/diff/D/sig: 7203.612143 7203.795039 0.182896 0.365792 0.832855
noWIMP/withWIMP/diff/D/sig: 7097.700290 7096.681166 -1.019123 2.038246 0.360911
noWIMP/withWIMP/diff/D/sig: 7152.380893 7154.680425 2.299532 4.599064 0.100306
noWIMP/withWIMP/diff/D/sig: 7139.962197 7140.060051 0.097854 0.195708 0.906781
noWIMP/withWIMP/diff/D/sig: 7221.624236 7220.844618 -0.779618 1.559236 0.458581
noWIMP/withWIMP/diff/D/sig: 7233.415627 7232.260454 -1.155173 2.310345 0.315003
noWIMP/withWIMP/diff/D/sig: 7303.859860 7305.704637 1.844777 3.689553 0.158061
noWIMP/withWIMP/diff/D/sig: 7170.943962 7171.532485 0.588523 1.177046 0.555147
noWIMP/withWIMP/diff/D/sig: 7347.718744 7348.729191 1.010447 2.020894 0.364056
noWIMP/withWIMP/diff/D/sig: 6966.808001 6968.699651 1.891650 3.783301 0.150823
noWIMP/withWIMP/diff/D/sig: 7214.530461 7216.736957 2.206496 4.412992 0.110086
noWIMP/withWIMP/diff/D/sig: 7293.618920 7293.211722 -0.407197 0.814395 0.665513
noWIMP/withWIMP/diff/D/sig: 7119.208798 7118.434883 -0.773915 1.547830 0.461204
noWIMP/withWIMP/diff/D/sig: 7161.780294 7161.392333 -0.387961 0.775922 0.678439
noWIMP/withWIMP/diff/D/sig: 7159.392185 7160.793930 1.401745 2.803491 0.246167
noWIMP/withWIMP/diff/D/sig: 7020.073285 7020.311853 0.238567 0.477134 0.787756
noWIMP/withWIMP/diff/D/sig: 6994.883178 6995.021698 0.138520 0.277041 0.870645
noWIMP/withWIMP/diff/D/sig: 7267.943176 7268.397488 0.454312 0.908624 0.634885
noWIMP/withWIMP/diff/D/sig: 7220.694017 7221.288534 0.594517 1.189033 0.551829
noWIMP/withWIMP/diff/D/sig: 7231.827922 7232.336993 0.509071 1.018141 0.601054
noWIMP/withWIMP/diff/D/sig: 7342.418862 7343.769965 1.351103 2.702205 0.258955
noWIMP/withWIMP/diff/D/sig: 7127.384659 7127.891731 0.507072 1.014144 0.602257
noWIMP/withWIMP/diff/D/sig: 7276.544338 7276.766210 0.221872 0.443744 0.801018
noWIMP/withWIMP/diff/D/sig: 7121.963391 7120.628251 -1.335140 2.670280 0.263121
noWIMP/withWIMP/diff/D/sig: 7021.768568 7021.102959 -0.665609 1.331219 0.513960
noWIMP/withWIMP/diff/D/sig: 7206.806503 7207.805587 0.999083 1.998166 0.368217
noWIMP/withWIMP/diff/D/sig: 7032.815604 7029.686618 -3.128986 6.257972 0.043762
noWIMP/withWIMP/diff/D/sig: 7238.021884 7238.254072 0.232188 0.464377 0.792797
noWIMP/withWIMP/diff/D/sig: 7244.913824 7246.385633 1.471809 2.943618 0.229510
noWIMP/withWIMP/diff/D/sig: 7326.378378 7327.574695 1.196317 2.392633 0.302306
noWIMP/withWIMP/diff/D/sig: 6986.727936 6988.059068 1.331132 2.662263 0.264178
noWIMP/withWIMP/diff/D/sig: 7254.621836 7253.803629 -0.818208 1.636415 0.441222
noWIMP/withWIMP/diff/D/sig: 7302.477570 7303.171080 0.693510 1.387021 0.499818
noWIMP/withWIMP/diff/D/sig: 7029.175475 7028.308369 -0.867107 1.734213 0.420165
noWIMP/withWIMP/diff/D/sig: 7290.157217 7286.817636 -3.339581 6.679163 0.035452
noWIMP/withWIMP/diff/D/sig: 7220.730503 7218.688405 -2.042098 4.084196 0.129756
noWIMP/withWIMP/diff/D/sig: 7249.995205 7251.326481 1.331276 2.662552 0.264140
noWIMP/withWIMP/diff/D/sig: 7110.294380 7108.601602 -1.692779 3.385557 0.184008
noWIMP/withWIMP/diff/D/sig: 7183.009435 7183.579912 0.570477 1.140954 0.565256
noWIMP/withWIMP/diff/D/sig: 7164.628120 7166.439392 1.811273 3.622545 0.163446
noWIMP/withWIMP/diff/D/sig: 7126.653451 7129.439870 2.786418 5.572837 0.061642
noWIMP/withWIMP/diff/D/sig: 7287.326417 7288.043726 0.717309 1.434618 0.488064
noWIMP/withWIMP/diff/D/sig: 7246.371231 7246.983568 0.612337 1.224673 0.542083
noWIMP/withWIMP/diff/D/sig: 7254.053722 7256.649729 2.596007 5.192014 0.074571
noWIMP/withWIMP/diff/D/sig: 7082.690788 7081.912297 -0.778491 1.556982 0.459098
noWIMP/withWIMP/diff/D/sig: 7228.094506 7227.780398 -0.314108 0.628216 0.730440
noWIMP/withWIMP/diff/D/sig: 7109.774529 7112.454349 2.679819 5.359639 0.068576
noWIMP/withWIMP/diff/D/sig: 7077.176307 7076.982701 -0.193607 0.387213 0.823982
noWIMP/withWIMP/diff/D/sig: 7073.462902 7074.086909 0.624006 1.248013 0.535794
noWIMP/withWIMP/diff/D/sig: 7176.357646 7175.868731 -0.488916 0.977832 0.613291
noWIMP/withWIMP/diff/D/sig: 7299.439237 7300.339398 0.900160 1.800320 0.406505
noWIMP/withWIMP/diff/D/sig: 6956.396763 6958.652931 2.256168 4.512336 0.104751
noWIMP/withWIMP/diff/D/sig: 7209.782401 7209.730489 -0.051912 0.103823 0.949413
noWIMP/withWIMP/diff/D/sig: 7168.020796 7169.105813 1.085017 2.170034 0.337896
noWIMP/withWIMP/diff/D/sig: 7064.845199 7067.479501 2.634302 5.268605 0.071769
noWIMP/withWIMP/diff/D/sig: 7344.172981 7346.293465 2.120484 4.240968 0.119974
noWIMP/withWIMP/diff/D/sig: 7061.552898 7064.081285 2.528387 5.056774 0.079788
noWIMP/withWIMP/diff/D/sig: 7133.130054 7132.252920 -0.877135 1.754269 0.415973
noWIMP/withWIMP/diff/D/sig: 7123.203255 7121.720950 -1.482305 2.964610 0.227114
noWIMP/withWIMP/diff/D/sig: 7063.923765 7065.351425 1.427659 2.855318 0.239870
noWIMP/withWIMP/diff/D/sig: 7040.221738 7037.090271 -3.131466 6.262933 0.043654
noWIMP/withWIMP/diff/D/sig: 7184.732447 7183.179688 -1.552759 3.105518 0.211663
noWIMP/withWIMP/diff/D/sig: 7109.302859 7109.416502 0.113643 0.227286 0.892577
noWIMP/withWIMP/diff/D/sig: 7081.062824 7081.203621 0.140797 0.281594 0.868666
noWIMP/withWIMP/diff/D/sig: 7061.959461 7061.230695 -0.728766 1.457532 0.482504
noWIMP/withWIMP/diff/D/sig: 7165.285742 7165.392879 0.107137 0.214274 0.898402
noWIMP/withWIMP/diff/D/sig: 7281.682655 7282.325803 0.643148 1.286296 0.525635
noWIMP/withWIMP/diff/D/sig: 7307.154456 7306.842770 -0.311686 0.623371 0.732212
noWIMP/withWIMP/diff/D/sig: 7291.811739 7291.959069 0.147329 0.294658 0.863010
noWIMP/withWIMP/diff/D/sig: 7266.360802 7268.583932 2.223130 4.446260 0.108270
noWIMP/withWIMP/diff/D/sig: 7118.067825 7118.990693 0.922868 1.845735 0.397378
noWIMP/withWIMP/diff/D/sig: 7219.846515 7221.297533 1.451018 2.902037 0.234332
noWIMP/withWIMP/diff/D/sig: 7036.630762 7036.577284 -0.053478 0.106956 0.947927
noWIMP/withWIMP/diff/D/sig: 7087.274437 7087.931843 0.657407 1.314814 0.518193
noWIMP/withWIMP/diff/D/sig: 7083.230643 7084.302424 1.071781 2.143562 0.342398
noWIMP/withWIMP/diff/D/sig: 7129.325445 7129.225381 -0.100064 0.200128 0.904780
noWIMP/withWIMP/diff/D/sig: 7185.076001 7186.537814 1.461813 2.923626 0.231816
noWIMP/withWIMP/diff/D/sig: 7131.365715 7132.975343 1.609628 3.219257 0.199962
noWIMP/withWIMP/diff/D/sig: 7188.481898 7188.960118 0.478220 0.956440 0.619886
noWIMP/withWIMP/diff/D/sig: 7043.301352 7046.401386 3.100034 6.200068 0.045048
noWIMP/withWIMP/diff/D/sig: 7017.751885 7017.913394 0.161509 0.323019 0.850859
noWIMP/withWIMP/diff/D/sig: 7219.526042 7219.934745 0.408703 0.817405 0.664512
noWIMP/withWIMP/diff/D/sig: 7045.008449 7044.923649 -0.084800 0.169601 0.918696
noWIMP/withWIMP/diff/D/sig: 7414.655880 7412.837167 -1.818712 3.637425 0.162235
noWIMP/withWIMP/diff/D/sig: 7205.572088 7204.340261 -1.231827 2.463654 0.291759
noWIMP/withWIMP/diff/D/sig: 7203.368235 7203.213590 -0.154645 0.309290 0.856719
noWIMP/withWIMP/diff/D/sig: 7253.152545 7255.493836 2.341291 4.682583 0.096203
noWIMP/withWIMP/diff/D/sig: 7261.922736 7263.646045 1.723309 3.446618 0.178475
noWIMP/withWIMP/diff/D/sig: 7016.477348 7019.602013 3.124664 6.249329 0.043952
noWIMP/withWIMP/diff/D/sig: 7122.732605 7123.889308 1.156703 2.313405 0.314522
noWIMP/withWIMP/diff/D/sig: 7248.651169 7251.843690 3.192521 6.385043 0.041068
noWIMP/withWIMP/diff/D/sig: 7036.118636 7036.954135 0.835499 1.670998 0.433658
noWIMP/withWIMP/diff/D/sig: 7141.819229 7141.087151 -0.732078 1.464156 0.480909
noWIMP/withWIMP/diff/D/sig: 7022.425445 7022.641638 0.216193 0.432386 0.805580
noWIMP/withWIMP/diff/D/sig: 7181.367624 7181.488406 0.120781 0.241562 0.886228
noWIMP/withWIMP/diff/D/sig: 7191.387144 7191.201688 -0.185456 0.370912 0.830725
noWIMP/withWIMP/diff/D/sig: 7293.236207 7294.863750 1.627543 3.255086 0.196412
noWIMP/withWIMP/diff/D/sig: 7201.875376 7200.851845 -1.023532 2.047063 0.359324
noWIMP/withWIMP/diff/D/sig: 7381.453348 7384.002773 2.549425 5.098850 0.078127
noWIMP/withWIMP/diff/D/sig: 7129.840120 7129.762385 -0.077735 0.155469 0.925210
noWIMP/withWIMP/diff/D/sig: 7262.738853 7265.093351 2.354498 4.708996 0.094941
noWIMP/withWIMP/diff/D/sig: 7270.515822 7269.732872 -0.782950 1.565900 0.457056
noWIMP/withWIMP/diff/D/sig: 7103.547593 7105.184432 1.636839 3.273678 0.194594
noWIMP/withWIMP/diff/D/sig: 7346.573249 7345.276393 -1.296857 2.593713 0.273390
noWIMP/withWIMP/diff/D/sig: 7352.244357 7351.744156 -0.500200 1.000400 0.606409
noWIMP/withWIMP/diff/D/sig: 7214.354777 7212.722634 -1.632142 3.264284 0.195510
noWIMP/withWIMP/diff/D/sig: 7360.696670 7362.348636 1.651965 3.303931 0.191673
noWIMP/withWIMP/diff/D/sig: 7192.370451 7192.215085 -0.155366 0.310732 0.856102
noWIMP/withWIMP/diff/D/sig: 7192.106096 7192.523855 0.417759 0.835518 0.658521
noWIMP/withWIMP/diff/D/sig: 7187.343015 7187.734651 0.391637 0.783273 0.675950
noWIMP/withWIMP/diff/D/sig: 7142.183921 7142.942163 0.758241 1.516483 0.468490
noWIMP/withWIMP/diff/D/sig: 7225.248072 7226.572051 1.323979 2.647958 0.266074
noWIMP/withWIMP/diff/D/sig: 7378.967305 7379.769466 0.802162 1.604323 0.448359
noWIMP/withWIMP/diff/D/sig: 7098.187405 7099.695903 1.508498 3.016996 0.221242
noWIMP/withWIMP/diff/D/sig: 7113.153548 7114.499523 1.345975 2.691949 0.260286
noWIMP/withWIMP/diff/D/sig: 7244.447675 7243.369654 -1.078022 2.156044 0.340268
noWIMP/withWIMP/diff/D/sig: 7347.456048 7347.392498 -0.063550 0.127100 0.938427
noWIMP/withWIMP/diff/D/sig: 7166.844207 7168.395083 1.550876 3.101752 0.212062
noWIMP/withWIMP/diff/D/sig: 7104.134957 7103.480969 -0.653987 1.307975 0.519968
noWIMP/withWIMP/diff/D/sig: 7337.639595 7337.907926 0.268331 0.536662 0.764654
noWIMP/withWIMP/diff/D/sig: 7267.311496 7267.423654 0.112158 0.224315 0.893903
noWIMP/withWIMP/diff/D/sig: 7202.259088 7204.593822 2.334734 4.669468 0.096836
noWIMP/withWIMP/diff/D/sig: 7075.107777 7076.316837 1.209060 2.418119 0.298478
noWIMP/withWIMP/diff/D/sig: 7120.131037 7120.727028 0.595991 1.191982 0.551016
noWIMP/withWIMP/diff/D/sig: 7264.362170 7264.595644 0.233474 0.466947 0.791778
noWIMP/withWIMP/diff/D/sig: 7171.121351 7172.955911 1.834559 3.669118 0.159684
noWIMP/withWIMP/diff/D/sig: 7149.391763 7150.949141 1.557378 3.114756 0.210688
noWIMP/withWIMP/diff/D/sig: 7325.409134 7324.604863 -0.804271 1.608543 0.447414
noWIMP/withWIMP/diff/D/sig: 7079.831423 7080.604215 0.772792 1.545584 0.461722
noWIMP/withWIMP/diff/D/sig: 7233.066802 7233.760183 0.693382 1.386763 0.499883
noWIMP/withWIMP/diff/D/sig: 7104.781930 7105.110592 0.328663 0.657325 0.719886
noWIMP/withWIMP/diff/D/sig: 7073.428426 7073.614554 0.186128 0.372256 0.830167
noWIMP/withWIMP/diff/D/sig: 7164.988973 7164.737347 -0.251626 0.503252 0.777535
noWIMP/withWIMP/diff/D/sig: 7254.651160 7255.183147 0.531988 1.063975 0.587436
noWIMP/withWIMP/diff/D/sig: 7203.298024 7203.579344 0.281320 0.562640 0.754787
noWIMP/withWIMP/diff/D/sig: 7061.094930 7061.267484 0.172554 0.345107 0.841513
noWIMP/withWIMP/diff/D/sig: 7272.659388 7274.723273 2.063885 4.127769 0.126960
noWIMP/withWIMP/diff/D/sig: 7022.422942 7024.953679 2.530738 5.061475 0.079600
noWIMP/withWIMP/diff/D/sig: 7190.121685 7190.523866 0.402180 0.804361 0.668860
noWIMP/withWIMP/diff/D/sig: 7218.214380 7218.567806 0.353425 0.706850 0.702279
noWIMP/withWIMP/diff/D/sig: 7313.437134 7312.406389 -1.030746 2.061491 0.356741
noWIMP/withWIMP/diff/D/sig: 7116.811463 7115.673103 -1.138359 2.276718 0.320344
noWIMP/withWIMP/diff/D/sig: 7103.156362 7103.167718 0.011357 0.022714 0.988707
noWIMP/withWIMP/diff/D/sig: 7303.238168 7304.041989 0.803820 1.607641 0.447616
noWIMP/withWIMP/diff/D/sig: 7334.126738 7335.173726 1.046989 2.093977 0.350993
noWIMP/withWIMP/diff/D/sig: 7232.805533 7231.962685 -0.842849 1.685697 0.430482
noWIMP/withWIMP/diff/D/sig: 7037.099876 7037.487154 0.387278 0.774557 0.678902
noWIMP/withWIMP/diff/D/sig: 7046.223503 7045.684295 -0.539207 1.078415 0.583210
noWIMP/withWIMP/diff/D/sig: 7152.682520 7151.656879 -1.025641 2.051281 0.358567
noWIMP/withWIMP/diff/D/sig: 7031.712779 7033.693417 1.980638 3.961276 0.137981
noWIMP/withWIMP/diff/D/sig: 7050.234857 7050.009833 -0.225024 0.450048 0.798497
noWIMP/withWIMP/diff/D/sig: 7012.786024 7015.090828 2.304804 4.609608 0.099778
noWIMP/withWIMP/diff/D/sig: 7181.168739 7180.668219 -0.500520 1.001040 0.606215
noWIMP/withWIMP/diff/D/sig: 7202.269146 7203.136407 0.867261 1.734522 0.420101
noWIMP/withWIMP/diff/D/sig: 7107.072867 7109.126664 2.053797 4.107593 0.128247
noWIMP/withWIMP/diff/D/sig: 7317.196767 7318.691970 1.495203 2.990406 0.224203
noWIMP/withWIMP/diff/D/sig: 7295.590188 7295.090903 -0.499285 0.998571 0.606964
noWIMP/withWIMP/diff/D/sig: 7305.196527 7304.967913 -0.228613 0.457227 0.795636
noWIMP/withWIMP/diff/D/sig: 7304.984011 7303.835267 -1.148744 2.297489 0.317035
noWIMP/withWIMP/diff/D/sig: 7246.852419 7247.440654 0.588235 1.176471 0.555306
noWIMP/withWIMP/diff/D/sig: 7079.152402 7079.466370 0.313969 0.627937 0.730542
noWIMP/withWIMP/diff/D/sig: 6983.715180 6982.652183 -1.062998 2.125995 0.345419
noWIMP/withWIMP/diff/D/sig: 7474.754608 7476.477290 1.722682 3.445365 0.178586
noWIMP/withWIMP/diff/D/sig: 7100.028338 7101.003388 0.975049 1.950099 0.377174
noWIMP/withWIMP/diff/D/sig: 7089.498814 7089.585526 0.086712 0.173424 0.916941
noWIMP/withWIMP/diff/D/sig: 7148.220644 7149.249332 1.028688 2.057377 0.357476
noWIMP/withWIMP/diff/D/sig: 7280.398768 7277.668233 -2.730536 5.461071 0.065184
noWIMP/withWIMP/diff/D/sig: 7062.439259 7062.484468 0.045209 0.090419 0.955797
noWIMP/withWIMP/diff/D/sig: 7220.745484 7219.103852 -1.641631 3.283263 0.193664
noWIMP/withWIMP/diff/D/sig: 7086.476273 7088.522639 2.046366 4.092732 0.129204
noWIMP/withWIMP/diff/D/sig: 6962.614125 6966.077391 3.463265 6.926530 0.031327
noWIMP/withWIMP/diff/D/sig: 7316.745978 7316.952830 0.206852 0.413704 0.813140
noWIMP/withWIMP/diff/D/sig: 7342.222976 7342.334403 0.111428 0.222855 0.894556
noWIMP/withWIMP/diff/D/sig: 7355.406990 7354.513665 -0.893325 1.786649 0.409293
noWIMP/withWIMP/diff/D/sig: 7137.556757 7137.835893 0.279137 0.558273 0.756437
noWIMP/withWIMP/diff/D/sig: 7221.088419 7221.703348 0.614929 1.229857 0.540679
noWIMP/withWIMP/diff/D/sig: 7418.295112 7420.544409 2.249297 4.498594 0.105473
noWIMP/withWIMP/diff/D/sig: 7114.584400 7116.099745 1.515344 3.030689 0.219733
noWIMP/withWIMP/diff/D/sig: 7282.662663 7282.029050 -0.633613 1.267226 0.530671
noWIMP/withWIMP/diff/D/sig: 7272.140863 7274.279625 2.138762 4.277524 0.117801
noWIMP/withWIMP/diff/D/sig: 7227.316192 7228.901779 1.585587 3.171174 0.204827
noWIMP/withWIMP/diff/D/sig: 7148.385244 7148.885619 0.500375 1.000750 0.606303
noWIMP/withWIMP/diff/D/sig: 7306.878143 7311.117761 4.239618 8.479236 0.014413
noWIMP/withWIMP/diff/D/sig: 7133.340368 7135.069358 1.728990 3.457981 0.177464
noWIMP/withWIMP/diff/D/sig: 7268.889072 7268.257246 -0.631826 1.263653 0.531620
noWIMP/withWIMP/diff/D/sig: 7016.254984 7016.385613 0.130629 0.261259 0.877543
noWIMP/withWIMP/diff/D/sig: 7118.288447 7121.049006 2.760559 5.521118 0.063256
noWIMP/withWIMP/diff/D/sig: 7366.921115 7364.782262 -2.138854 4.277707 0.117790
noWIMP/withWIMP/diff/D/sig: 7088.021547 7091.747674 3.726127 7.452255 0.024086
noWIMP/withWIMP/diff/D/sig: 7048.722126 7050.223152 1.501026 3.002052 0.222901
noWIMP/withWIMP/diff/D/sig: 7245.573025 7246.311457 0.738432 1.476863 0.477863
noWIMP/withWIMP/diff/D/sig: 7065.881953 7064.901805 -0.980149 1.960298 0.375255
noWIMP/withWIMP/diff/D/sig: 7142.594912 7142.498830 -0.096081 0.192163 0.908390
noWIMP/withWIMP/diff/D/sig: 7158.791695 7158.923867 0.132171 0.264343 0.876191
noWIMP/withWIMP/diff/D/sig: 7105.583055 7106.288571 0.705516 1.411032 0.493854
noWIMP/withWIMP/diff/D/sig: 7130.797190 7132.953693 2.156504 4.313008 0.115729
noWIMP/withWIMP/diff/D/sig: 7358.119509 7358.315003 0.195495 0.390989 0.822428
noWIMP/withWIMP/diff/D/sig: 7238.270625 7238.704574 0.433949 0.867897 0.647946
noWIMP/withWIMP/diff/D/sig: 7271.153238 7271.452951 0.299712 0.599425 0.741031
noWIMP/withWIMP/diff/D/sig: 7218.056290 7219.481760 1.425471 2.850941 0.240395
noWIMP/withWIMP/diff/D/sig: 7281.913519 7281.806770 -0.106749 0.213499 0.898751
noWIMP/withWIMP/diff/D/sig: 6992.855351 6989.709253 -3.146098 6.292195 0.043020
noWIMP/withWIMP/diff/D/sig: 7232.657142 7232.047672 -0.609470 1.218939 0.543639
noWIMP/withWIMP/diff/D/sig: 7143.928817 7141.984499 -1.944317 3.888634 0.143085
noWIMP/withWIMP/diff/D/sig: 7179.278243 7178.000937 -1.277306 2.554612 0.278787
noWIMP/withWIMP/diff/D/sig: 7137.505626 7139.832238 2.326612 4.653225 0.097626
noWIMP/withWIMP/diff/D/sig: 7049.544289 7048.433756 -1.110532 2.221065 0.329384
noWIMP/withWIMP/diff/D/sig: 7192.413026 7191.264082 -1.148943 2.297887 0.316971
noWIMP/withWIMP/diff/D/sig: 6879.269372 6877.889701 -1.379670 2.759341 0.251662
noWIMP/withWIMP/diff/D/sig: 7250.166302 7250.979707 0.813404 1.626809 0.443346
noWIMP/withWIMP/diff/D/sig: 7211.177931 7210.798507 -0.379424 0.758847 0.684256
noWIMP/withWIMP/diff/D/sig: 7108.139786 7110.772474 2.632688 5.265376 0.071885
noWIMP/withWIMP/diff/D/sig: 7330.473637 7330.969340 0.495703 0.991406 0.609142
noWIMP/withWIMP/diff/D/sig: 7218.084198 7219.073543 0.989344 1.978688 0.371820
noWIMP/withWIMP/diff/D/sig: 7055.728656 7056.243576 0.514920 1.029841 0.597548
noWIMP/withWIMP/diff/D/sig: 7179.887562 7180.234507 0.346944 0.693889 0.706845
noWIMP/withWIMP/diff/D/sig: 7278.408353 7278.502914 0.094562 0.189123 0.909772
noWIMP/withWIMP/diff/D/sig: 7152.967767 7153.681070 0.713302 1.426605 0.490023
noWIMP/withWIMP/diff/D/sig: 7286.807034 7288.729655 1.922621 3.845243 0.146223
noWIMP/withWIMP/diff/D/sig: 7265.662130 7266.449485 0.787355 1.574709 0.455047
noWIMP/withWIMP/diff/D/sig: 7221.597969 7220.330228 -1.267741 2.535482 0.281467
noWIMP/withWIMP/diff/D/sig: 7184.403965 7184.337069 -0.066896 0.133792 0.935293
noWIMP/withWIMP/diff/D/sig: 6928.440771 6928.536737 0.095965 0.191931 0.908495
noWIMP/withWIMP/diff/D/sig: 7215.230063 7217.217782 1.987719 3.975438 0.137008
noWIMP/withWIMP/diff/D/sig: 7181.523991 7180.452565 -1.071425 2.142851 0.342520
noWIMP/withWIMP/diff/D/sig: 7055.155950 7057.711909 2.555959 5.111918 0.077618
noWIMP/withWIMP/diff/D/sig: 7183.132022 7183.797475 0.665453 1.330907 0.514040
noWIMP/withWIMP/diff/D/sig: 7010.972321 7010.528433 -0.443888 0.887777 0.641537
noWIMP/withWIMP/diff/D/sig: 7166.163717 7168.309951 2.146235 4.292469 0.116924
noWIMP/withWIMP/diff/D/sig: 7030.228774 7029.907845 -0.320930 0.641859 0.725474
noWIMP/withWIMP/diff/D/sig: 6972.202612 6970.620979 -1.581633 3.163266 0.205639
noWIMP/withWIMP/diff/D/sig: 7246.182953 7244.540813 -1.642140 3.284280 0.193565
noWIMP/withWIMP/diff/D/sig: 7003.375873 7004.521289 1.145415 2.290831 0.318092
noWIMP/withWIMP/diff/D/sig: 7170.947886 7170.562350 -0.385536 0.771073 0.680086
noWIMP/withWIMP/diff/D/sig: 7329.283815 7328.033301 -1.250514 2.501028 0.286358
noWIMP/withWIMP/diff/D/sig: 7130.621431 7132.005269 1.383838 2.767676 0.250615
noWIMP/withWIMP/diff/D/sig: 7133.141849 7134.938756 1.796907 3.593814 0.165811
noWIMP/withWIMP/diff/D/sig: 7156.979443 7157.872840 0.893397 1.786794 0.409263
noWIMP/withWIMP/diff/D/sig: 7113.891055 7114.599717 0.708661 1.417322 0.492303
noWIMP/withWIMP/diff/D/sig: 7329.505183 7330.023548 0.518365 1.036730 0.595493
noWIMP/withWIMP/diff/D/sig: 7124.249626 7123.068549 -1.181077 2.362154 0.306948
noWIMP/withWIMP/diff/D/sig: 7192.302725 7193.488156 1.185432 2.370863 0.305614
noWIMP/withWIMP/diff/D/sig: 7192.218023 7191.626453 -0.591570 1.183141 0.553457
noWIMP/withWIMP/diff/D/sig: 7145.660180 7146.699660 1.039479 2.078958 0.353639
noWIMP/withWIMP/diff/D/sig: 7377.325348 7378.482483 1.157134 2.314268 0.314386
noWIMP/withWIMP/diff/D/sig: 7121.646517 7122.184375 0.537857 1.075714 0.583998
noWIMP/withWIMP/diff/D/sig: 7215.460765 7216.742192 1.281427 2.562855 0.277641
noWIMP/withWIMP/diff/D/sig: 7220.585850 7222.605481 2.019631 4.039261 0.132704
noWIMP/withWIMP/diff/D/sig: 7327.784582 7325.825040 -1.959542 3.919085 0.140923
noWIMP/withWIMP/diff/D/sig: 7085.701294 7085.715723 0.014430 0.028859 0.985674
noWIMP/withWIMP/diff/D/sig: 7197.798936 7201.274863 3.475927 6.951855 0.030933
noWIMP/withWIMP/diff/D/sig: 7180.577478 7180.148213 -0.429265 0.858529 0.650988
noWIMP/withWIMP/diff/D/sig: 7153.836780 7156.635532 2.798753 5.597506 0.060886
noWIMP/withWIMP/diff/D/sig: 7265.564884 7265.999327 0.434443 0.868886 0.647625
noWIMP/withWIMP/diff/D/sig: 6914.427569 6915.574172 1.146603 2.293206 0.317714
noWIMP/withWIMP/diff/D/sig: 7113.706351 7113.815347 0.108996 0.217993 0.896734
noWIMP/withWIMP/diff/D/sig: 7273.608426 7274.814861 1.206435 2.412870 0.299262
noWIMP/withWIMP/diff/D/sig: 7202.414387 7202.439560 0.025173 0.050347 0.975141
noWIMP/withWIMP/diff/D/sig: 7206.795485 7206.564489 -0.230997 0.461993 0.793742
noWIMP/withWIMP/diff/D/sig: 7130.993459 7131.463766 0.470308 0.940615 0.624810
noWIMP/withWIMP/diff/D/sig: 7147.894426 7148.969667 1.075241 2.150483 0.341215
noWIMP/withWIMP/diff/D/sig: 7242.354857 7242.185746 -0.169111 0.338222 0.844415
noWIMP/withWIMP/diff/D/sig: 7153.465760 7153.562451 0.096691 0.193383 0.907836
noWIMP/withWIMP/diff/D/sig: 7172.420939 7173.315726 0.894787 1.789573 0.408695
noWIMP/withWIMP/diff/D/sig: 7110.985324 7110.163545 -0.821778 1.643556 0.439649
noWIMP/withWIMP/diff/D/sig: 7305.290951 7302.657456 -2.633495 5.266990 0.071827
noWIMP/withWIMP/diff/D/sig: 7206.147459 7206.449482 0.302023 0.604046 0.739321
noWIMP/withWIMP/diff/D/sig: 7188.171547 7188.583942 0.412395 0.824790 0.662063
noWIMP/withWIMP/diff/D/sig: 7407.188274 7406.487964 -0.700310 1.400621 0.496431
noWIMP/withWIMP/diff/D/sig: 7173.636944 7171.735897 -1.901047 3.802095 0.149412
noWIMP/withWIMP/diff/D/sig: 7120.051637 7121.004783 0.953147 1.906293 0.385526
noWIMP/withWIMP/diff/D/sig: 7056.753714 7058.596464 1.842751 3.685502 0.158381
noWIMP/withWIMP/diff/D/sig: 7120.015388 7121.433828 1.418441 2.836881 0.242091
noWIMP/withWIMP/diff/D/sig: 7001.240747 7001.768817 0.528070 1.056140 0.589742
noWIMP/withWIMP/diff/D/sig: 7230.842335 7230.267738 -0.574597 1.149193 0.562932
noWIMP/withWIMP/diff/D/sig: 7205.487605 7203.875424 -1.612181 3.224363 0.199452
noWIMP/withWIMP/diff/D/sig: 7201.858929 7204.076434 2.217505 4.435009 0.108880
noWIMP/withWIMP/diff/D/sig: 7179.221833 7178.572040 -0.649793 1.299586 0.522154
noWIMP/withWIMP/diff/D/sig: 7059.433939 7059.402255 -0.031684 0.063368 0.968813
noWIMP/withWIMP/diff/D/sig: 7378.282647 7377.869867 -0.412779 0.825559 0.661808
noWIMP/withWIMP/diff/D/sig: 7124.121643 7126.595476 2.473833 4.947665 0.084261
noWIMP/withWIMP/diff/D/sig: 6999.172193 6996.467602 -2.704591 5.409183 0.066898
noWIMP/withWIMP/diff/D/sig: 7285.408231 7283.146564 -2.261668 4.523335 0.104177
noWIMP/withWIMP/diff/D/sig: 7107.288124 7109.853771 2.565647 5.131295 0.076869
noWIMP/withWIMP/diff/D/sig: 7103.863404 7105.363210 1.499805 2.999611 0.223174
noWIMP/withWIMP/diff/D/sig: 7270.223017 7272.264287 2.041270 4.082541 0.129864
noWIMP/withWIMP/diff/D/sig: 7149.932226 7150.290103 0.357877 0.715754 0.699159
noWIMP/withWIMP/diff/D/sig: 7300.736538 7299.601806 -1.134732 2.269463 0.321508
noWIMP/withWIMP/diff/D/sig: 7156.366101 7156.557681 0.191581 0.383161 0.825653
noWIMP/withWIMP/diff/D/sig: 7051.967481 7051.539956 -0.427525 0.855050 0.652121
noWIMP/withWIMP/diff/D/sig: 7166.941510 7167.482577 0.541067 1.082133 0.582127
noWIMP/withWIMP/diff/D/sig: 7025.203641 7027.132736 1.929095 3.858191 0.145280
noWIMP/withWIMP/diff/D/sig: 7111.027057 7114.427937 3.400880 6.801759 0.033344
noWIMP/withWIMP/diff/D/sig: 7213.701796 7212.748152 -0.953644 1.907289 0.385334
noWIMP/withWIMP/diff/D/sig: 7233.994488 7235.111755 1.117267 2.234534 0.327173
noWIMP/withWIMP/diff/D/sig: 7100.698732 7101.480593 0.781860 1.563721 0.457554
noWIMP/withWIMP/diff/D/sig: 7215.737868 7214.864523 -0.873345 1.746691 0.417552
noWIMP/withWIMP/diff/D/sig: 7103.138403 7103.382671 0.244269 0.488538 0.783277
noWIMP/withWIMP/diff/D/sig: 7250.633479 7249.690312 -0.943167 1.886333 0.389393
noWIMP/withWIMP/diff/D/sig: 7086.926687 7087.778816 0.852128 1.704256 0.426506
noWIMP/withWIMP/diff/D/sig: 7324.244138 7321.807903 -2.436235 4.872470 0.087490
noWIMP/withWIMP/diff/D/sig: 7152.960248 7154.337881 1.377633 2.755266 0.252175
noWIMP/withWIMP/diff/D/sig: 7220.750869 7221.399311 0.648442 1.296884 0.522860
noWIMP/withWIMP/diff/D/sig: 7411.575725 7412.626051 1.050326 2.100651 0.349824
noWIMP/withWIMP/diff/D/sig: 7201.155638 7201.139226 -0.016412 0.032825 0.983722
noWIMP/withWIMP/diff/D/sig: 7292.970752 7294.895432 1.924680 3.849359 0.145922
noWIMP/withWIMP/diff/D/sig: 7112.372345 7112.840639 0.468294 0.936588 0.626069
noWIMP/withWIMP/diff/D/sig: 7137.624767 7138.811683 1.186916 2.373831 0.305161
noWIMP/withWIMP/diff/D/sig: 7257.604582 7257.115446 -0.489137 0.978273 0.613156
noWIMP/withWIMP/diff/D/sig: 7410.204450 7411.056275 0.851825 1.703651 0.426635
noWIMP/withWIMP/diff/D/sig: 7132.902076 7135.924742 3.022667 6.045333 0.048671
noWIMP/withWIMP/diff/D/sig: 7281.677507 7279.951573 -1.725933 3.451867 0.178007
noWIMP/withWIMP/diff/D/sig: 7257.753422 7258.241126 0.487705 0.975409 0.614034
noWIMP/withWIMP/diff/D/sig: 7385.540643 7387.088770 1.548126 3.096253 0.212646
noWIMP/withWIMP/diff/D/sig: 7221.495177 7222.919807 1.424629 2.849259 0.240598
noWIMP/withWIMP/diff/D/sig: 7266.437228 7269.264642 2.827414 5.654827 0.059166
noWIMP/withWIMP/diff/D/sig: 7192.817747 7192.296183 -0.521564 1.043128 0.593592
noWIMP/withWIMP/diff/D/sig: 7338.893377 7339.751700 0.858323 1.716645 0.423873
noWIMP/withWIMP/diff/D/sig: 7096.816173 7098.241749 1.425576 2.851152 0.240370
noWIMP/withWIMP/diff/D/sig: 7079.183927 7079.038707 -0.145219 0.290438 0.864833
noWIMP/withWIMP/diff/D/sig: 7022.304760 7022.327804 0.023044 0.046088 0.977219
noWIMP/withWIMP/diff/D/sig: 7214.200571 7214.926702 0.726131 1.452262 0.483777
noWIMP/withWIMP/diff/D/sig: 7130.310664 7131.274678 0.964015 1.928029 0.381359
noWIMP/withWIMP/diff/D/sig: 7210.370936 7211.560757 1.189821 2.379641 0.304276
noWIMP/withWIMP/diff/D/sig: 7186.778886 7186.402197 -0.376689 0.753378 0.686129
noWIMP/withWIMP/diff/D/sig: 7148.857336 7152.526513 3.669177 7.338354 0.025497
noWIMP/withWIMP/diff/D/sig: 7230.081045 7229.585846 -0.495199 0.990399 0.609449
noWIMP/withWIMP/diff/D/sig: 7325.208814 7325.025295 -0.183519 0.367038 0.832336
noWIMP/withWIMP/diff/D/sig: 7151.636214 7149.247439 -2.388775 4.777551 0.091742
noWIMP/withWIMP/diff/D/sig: 7022.751860 7021.744764 -1.007095 2.014190 0.365279
noWIMP/withWIMP/diff/D/sig: 7184.758107 7184.128428 -0.629679 1.259358 0.532763
noWIMP/withWIMP/diff/D/sig: 7124.589445 7124.207262 -0.382182 0.764365 0.682371
noWIMP/withWIMP/diff/D/sig: 7041.121441 7041.061212 -0.060229 0.120458 0.941549
noWIMP/withWIMP/diff/D/sig: 7260.999157 7264.266996 3.267839 6.535678 0.038089
noWIMP/withWIMP/diff/D/sig: 7186.770682 7187.622605 0.851923 1.703846 0.426594
noWIMP/withWIMP/diff/D/sig: 7078.259788 7077.794572 -0.465216 0.930431 0.628000
noWIMP/withWIMP/diff/D/sig: 7156.910828 7158.942082 2.031253 4.062507 0.131171
noWIMP/withWIMP/diff/D/sig: 7259.393618 7259.786207 0.392589 0.785178 0.675306
noWIMP/withWIMP/diff/D/sig: 6929.862014 6928.283844 -1.578170 3.156340 0.206352
noWIMP/withWIMP/diff/D/sig: 7156.229623 7157.853652 1.624029 3.248058 0.197103
noWIMP/withWIMP/diff/D/sig: 7232.669089 7232.580603 -0.088486 0.176971 0.915316
noWIMP/withWIMP/diff/D/sig: 7045.310913 7048.066241 2.755328 5.510656 0.063588
noWIMP/withWIMP/diff/D/sig: 7134.551399 7135.763242 1.211844 2.423687 0.297648
noWIMP/withWIMP/diff/D/sig: 7170.087452 7172.500962 2.413510 4.827021 0.089501
noWIMP/withWIMP/diff/D/sig: 7073.266069 7073.235722 -0.030347 0.060693 0.970109
noWIMP/withWIMP/diff/D/sig: 7221.074069 7220.646682 -0.427387 0.854775 0.652211
noWIMP/withWIMP/diff/D/sig: 7329.461058 7332.410398 2.949340 5.898679 0.052374
noWIMP/withWIMP/diff/D/sig: 7181.098697 7180.835520 -0.263177 0.526355 0.768606
noWIMP/withWIMP/diff/D/sig: 7224.498949 7225.512126 1.013178 2.026355 0.363063
noWIMP/withWIMP/diff/D/sig: 7124.905412 7125.691718 0.786306 1.572611 0.455525
noWIMP/withWIMP/diff/D/sig: 7066.546790 7067.172379 0.625589 1.251178 0.534946
noWIMP/withWIMP/diff/D/sig: 7151.786275 7151.635481 -0.150795 0.301589 0.860024
noWIMP/withWIMP/diff/D/sig: 7210.730614 7209.922019 -0.808595 1.617189 0.445484
noWIMP/withWIMP/diff/D/sig: 7116.433011 7116.289356 -0.143655 0.287310 0.866186
noWIMP/withWIMP/diff/D/sig: 7171.431374 7171.198037 -0.233337 0.466673 0.791887
noWIMP/withWIMP/diff/D/sig: 7105.055615 7102.951916 -2.103699 4.207398 0.122004
noWIMP/withWIMP/diff/D/sig: 7111.361505 7113.725601 2.364095 4.728191 0.094034
noWIMP/withWIMP/diff/D/sig: 7153.655856 7154.451279 0.795424 1.590847 0.451390
noWIMP/withWIMP/diff/D/sig: 7167.755839 7168.524246 0.768407 1.536815 0.463751
noWIMP/withWIMP/diff/D/sig: 7244.619282 7247.020776 2.401494 4.802987 0.090583
noWIMP/withWIMP/diff/D/sig: 7298.185651 7298.202796 0.017144 0.034289 0.983002
noWIMP/withWIMP/diff/D/sig: 7139.477558 7137.899749 -1.577810 3.155620 0.206427
noWIMP/withWIMP/diff/D/sig: 7221.519042 7220.556413 -0.962629 1.925257 0.381888
noWIMP/withWIMP/diff/D/sig: 7067.469990 7065.997894 -1.472096 2.944192 0.229444
noWIMP/withWIMP/diff/D/sig: 7086.204024 7087.231553 1.027529 2.055057 0.357890
noWIMP/withWIMP/diff/D/sig: 7144.466373 7145.059736 0.593363 1.186725 0.552466
noWIMP/withWIMP/diff/D/sig: 7180.150787 7183.390143 3.239356 6.478712 0.039189
noWIMP/withWIMP/diff/D/sig: 7130.402260 7132.830832 2.428571 4.857142 0.088163
noWIMP/withWIMP/diff/D/sig: 7165.900354 7167.735088 1.834733 3.669466 0.159656
noWIMP/withWIMP/diff/D/sig: 7147.909749 7145.979383 -1.930366 3.860733 0.145095
noWIMP/withWIMP/diff/D/sig: 7114.438436 7113.872100 -0.566335 1.132671 0.567602
noWIMP/withWIMP/diff/D/sig: 7215.098697 7217.753951 2.655254 5.310507 0.070281
noWIMP/withWIMP/diff/D/sig: 7097.669319 7098.505423 0.836104 1.672208 0.433396
noWIMP/withWIMP/diff/D/sig: 7070.641710 7071.185128 0.543418 1.086837 0.580760
noWIMP/withWIMP/diff/D/sig: 7015.007652 7014.623742 -0.383909 0.767818 0.681193
noWIMP/withWIMP/diff/D/sig: 7158.643457 7159.712838 1.069381 2.138763 0.343221
noWIMP/withWIMP/diff/D/sig: 7073.665914 7075.268905 1.602991 3.205983 0.201293
noWIMP/withWIMP/diff/D/sig: 7171.953088 7174.949626 2.996539 5.993077 0.049960
noWIMP/withWIMP/diff/D/sig: 7016.681009 7016.126946 -0.554064 1.108127 0.574610
noWIMP/withWIMP/diff/D/sig: 7084.459920 7084.819864 0.359945 0.719889 0.697715
noWIMP/withWIMP/diff/D/sig: 7365.834671 7367.293236 1.458565 2.917129 0.232570
noWIMP/withWIMP/diff/D/sig: 7105.796201 7106.577572 0.781371 1.562742 0.457778
noWIMP/withWIMP/diff/D/sig: 7111.519406 7112.274044 0.754638 1.509276 0.470181
noWIMP/withWIMP/diff/D/sig: 7400.851822 7399.397492 -1.454330 2.908660 0.233557
noWIMP/withWIMP/diff/D/sig: 7061.959804 7064.549454 2.589650 5.179300 0.075046
noWIMP/withWIMP/diff/D/sig: 7224.554922 7225.215063 0.660141 1.320282 0.516779
noWIMP/withWIMP/diff/D/sig: 6938.177795 6937.420264 -0.757531 1.515062 0.468823
noWIMP/withWIMP/diff/D/sig: 7088.984688 7089.066777 0.082090 0.164180 0.921189
noWIMP/withWIMP/diff/D/sig: 7168.176908 7168.836668 0.659760 1.319521 0.516975
noWIMP/withWIMP/diff/D/sig: 7144.923837 7144.725398 -0.198439 0.396877 0.820010
noWIMP/withWIMP/diff/D/sig: 7259.228859 7256.088838 -3.140021 6.280041 0.043282
noWIMP/withWIMP/diff/D/sig: 7197.220774 7198.201315 0.980541 1.961082 0.375108
noWIMP/withWIMP/diff/D/sig: 7161.083113 7162.804615 1.721502 3.443005 0.178797
noWIMP/withWIMP/diff/D/sig: 7333.543315 7335.052010 1.508695 3.017391 0.221198
noWIMP/withWIMP/diff/D/sig: 7121.721807 7123.428047 1.706240 3.412480 0.181547
noWIMP/withWIMP/diff/D/sig: 7079.991820 7082.084120 2.092300 4.184599 0.123403
noWIMP/withWIMP/diff/D/sig: 7283.078169 7284.971094 1.892926 3.785852 0.150630
noWIMP/withWIMP/diff/D/sig: 7210.837494 7210.624668 -0.212826 0.425653 0.808297
noWIMP/withWIMP/diff/D/sig: 7086.562766 7088.707809 2.145043 4.290086 0.117063
noWIMP/withWIMP/diff/D/sig: 7300.554473 7299.989080 -0.565393 1.130786 0.568137
noWIMP/withWIMP/diff/D/sig: 7130.612455 7131.692224 1.079769 2.159538 0.339674
noWIMP/withWIMP/diff/D/sig: 7405.685833 7404.843717 -0.842116 1.684232 0.430798
noWIMP/withWIMP/diff/D/sig: 7243.512544 7241.957830 -1.554715 3.109429 0.211250
noWIMP/withWIMP/diff/D/sig: 7261.249128 7259.843070 -1.406059 2.812117 0.245107
noWIMP/withWIMP/diff/D/sig: 7080.008764 7080.680516 0.671751 1.343503 0.510813
noWIMP/withWIMP/diff/D/sig: 7182.409696 7184.741737 2.332040 4.664081 0.097097
noWIMP/withWIMP/diff/D/sig: 7374.278885 7374.030897 -0.247989 0.495977 0.780369
noWIMP/withWIMP/diff/D/sig: 7240.937902 7242.650006 1.712104 3.424208 0.180486
noWIMP/withWIMP/diff/D/sig: 7183.084105 7185.175184 2.091079 4.182157 0.123554
noWIMP/withWIMP/diff/D/sig: 7250.189354 7251.214920 1.025567 2.051133 0.358593
noWIMP/withWIMP/diff/D/sig: 7112.272663 7114.416551 2.143887 4.287774 0.117198
noWIMP/withWIMP/diff/D/sig: 7310.025489 7309.931580 -0.093909 0.187818 0.910366
noWIMP/withWIMP/diff/D/sig: 7043.749592 7045.074721 1.325129 2.650258 0.265769
noWIMP/withWIMP/diff/D/sig: 7203.162391 7203.664500 0.502109 1.004218 0.605253
noWIMP/withWIMP/diff/D/sig: 7142.849284 7142.548316 -0.300969 0.601937 0.740101
noWIMP/withWIMP/diff/D/sig: 7157.740284 7157.168296 -0.571988 1.143976 0.564402
noWIMP/withWIMP/diff/D/sig: 7274.242773 7274.800708 0.557935 1.115869 0.572390
noWIMP/withWIMP/diff/D/sig: 7144.635415 7144.736770 0.101354 0.202709 0.903613
noWIMP/withWIMP/diff/D/sig: 7145.128086 7143.070049 -2.058037 4.116073 0.127704
noWIMP/withWIMP/diff/D/sig: 7073.402313 7071.827396 -1.574916 3.149833 0.207025
noWIMP/withWIMP/diff/D/sig: 7172.531873 7172.151029 -0.380844 0.761689 0.683284
noWIMP/withWIMP/diff/D/sig: 7050.220710 7050.881664 0.660953 1.321907 0.516359
noWIMP/withWIMP/diff/D/sig: 7175.364055 7178.819051 3.454996 6.909993 0.031587
noWIMP/withWIMP/diff/D/sig: 7205.866081 7205.855965 -0.010116 0.020233 0.989935
noWIMP/withWIMP/diff/D/sig: 7328.220192 7330.555142 2.334950 4.669900 0.096815
noWIMP/withWIMP/diff/D/sig: 7056.510906 7056.481328 -0.029577 0.059154 0.970856
noWIMP/withWIMP/diff/D/sig: 7303.985284 7303.764153 -0.221131 0.442263 0.801611
noWIMP/withWIMP/diff/D/sig: 6994.776672 6994.010457 -0.766215 1.532430 0.464769
noWIMP/withWIMP/diff/D/sig: 7220.643853 7220.683126 0.039273 0.078545 0.961488
noWIMP/withWIMP/diff/D/sig: 7201.921438 7201.376110 -0.545327 1.090655 0.579652
noWIMP/withWIMP/diff/D/sig: 7100.143435 7100.360659 0.217223 0.434447 0.804750
noWIMP/withWIMP/diff/D/sig: 7180.082571 7179.077086 -1.005485 2.010970 0.365867
noWIMP/withWIMP/diff/D/sig: 7216.118891 7215.666042 -0.452849 0.905698 0.635814
noWIMP/withWIMP/diff/D/sig: 6988.277020 6989.438077 1.161058 2.322116 0.313155
noWIMP/withWIMP/diff/D/sig: 7352.349466 7353.762558 1.413092 2.826184 0.243390
noWIMP/withWIMP/diff/D/sig: 7298.008607 7296.589670 -1.418937 2.837873 0.241971
noWIMP/withWIMP/diff/D/sig: 7186.071793 7186.620366 0.548573 1.097146 0.577774
noWIMP/withWIMP/diff/D/sig: 7029.454088 7031.124661 1.670574 3.341147 0.188139
noWIMP/withWIMP/diff/D/sig: 7138.162968 7136.667562 -1.495405 2.990811 0.224158
noWIMP/withWIMP/diff/D/sig: 7140.794179 7141.775392 0.981213 1.962426 0.374856
noWIMP/withWIMP/diff/D/sig: 7370.553298 7369.747626 -0.805672 1.611344 0.446788
noWIMP/withWIMP/diff/D/sig: 7224.831427 7225.943013 1.111586 2.223173 0.329037
noWIMP/withWIMP/diff/D/sig: 7302.995810 7303.430266 0.434456 0.868911 0.647617
noWIMP/withWIMP/diff/D/sig: 7157.473684 7158.336919 0.863234 1.726468 0.421796
noWIMP/withWIMP/diff/D/sig: 7165.626133 7166.908637 1.282504 2.565009 0.277342
noWIMP/withWIMP/diff/D/sig: 7090.971474 7090.548114 -0.423360 0.846720 0.654843
noWIMP/withWIMP/diff/D/sig: 7157.188070 7158.954052 1.765982 3.531964 0.171019
noWIMP/withWIMP/diff/D/sig: 7189.622686 7190.298463 0.675777 1.351553 0.508761
noWIMP/withWIMP/diff/D/sig: 7249.476683 7248.944510 -0.532173 1.064346 0.587327
noWIMP/withWIMP/diff/D/sig: 7088.078855 7087.874616 -0.204239 0.408478 0.815268
noWIMP/withWIMP/diff/D/sig: 7312.549570 7311.144672 -1.404898 2.809795 0.245392
noWIMP/withWIMP/diff/D/sig: 7338.019330 7339.167615 1.148285 2.296571 0.317180
noWIMP/withWIMP/diff/D/sig: 7254.070112 7253.799652 -0.270459 0.540919 0.763029
noWIMP/withWIMP/diff/D/sig: 7159.988022 7158.781488 -1.206534 2.413068 0.299233
noWIMP/withWIMP/diff/D/sig: 7174.191805 7172.287515 -1.904290 3.808581 0.148928
noWIMP/withWIMP/diff/D/sig: 7243.403824 7244.652752 1.248928 2.497856 0.286812
noWIMP/withWIMP/diff/D/sig: 7246.951568 7248.526887 1.575319 3.150639 0.206941
noWIMP/withWIMP/diff/D/sig: 7188.115413 7188.555944 0.440531 0.881062 0.643694
noWIMP/withWIMP/diff/D/sig: 7179.653606 7181.417155 1.763549 3.527099 0.171435
noWIMP/withWIMP/diff/D/sig: 7116.922037 7118.858636 1.936599 3.873198 0.144194
noWIMP/withWIMP/diff/D/sig: 7158.821076 7156.250018 -2.571058 5.142115 0.076455
noWIMP/withWIMP/diff/D/sig: 7229.572701 7225.626823 -3.945878 7.891755 0.019334
noWIMP/withWIMP/diff/D/sig: 7059.330453 7059.543307 0.212854 0.425709 0.808274
noWIMP/withWIMP/diff/D/sig: 7158.619587 7162.819156 4.199569 8.399138 0.015002
noWIMP/withWIMP/diff/D/sig: 7038.221196 7038.230966 0.009770 0.019540 0.990278
noWIMP/withWIMP/diff/D/sig: 7231.458995 7233.262097 1.803102 3.606204 0.164787
noWIMP/withWIMP/diff/D/sig: 7177.614901 7178.307312 0.692411 1.384821 0.500368
noWIMP/withWIMP/diff/D/sig: 7117.911216 7119.292792 1.381575 2.763150 0.251183
noWIMP/withWIMP/diff/D/sig: 7074.513720 7075.292071 0.778351 1.556702 0.459163
noWIMP/withWIMP/diff/D/sig: 7008.468071 7010.299353 1.831283 3.662566 0.160208
noWIMP/withWIMP/diff/D/sig: 7139.220575 7139.536916 0.316341 0.632682 0.728811
noWIMP/withWIMP/diff/D/sig: 7164.057178 7165.504866 1.447689 2.895378 0.235113
noWIMP/withWIMP/diff/D/sig: 7148.477020 7149.947598 1.470578 2.941155 0.229793
noWIMP/withWIMP/diff/D/sig: 7259.999649 7257.296591 -2.703058 5.406116 0.067000
noWIMP/withWIMP/diff/D/sig: 7205.042208 7205.096942 0.054734 0.109469 0.946737
noWIMP/withWIMP/diff/D/sig: 7236.284548 7236.607543 0.322996 0.645992 0.723977
noWIMP/withWIMP/diff/D/sig: 7369.202452 7369.860221 0.657768 1.315536 0.518006
noWIMP/withWIMP/diff/D/sig: 7274.862288 7275.901724 1.039436 2.078873 0.353654
noWIMP/withWIMP/diff/D/sig: 7144.978156 7143.407979 -1.570176 3.140353 0.208008
noWIMP/withWIMP/diff/D/sig: 7069.070318 7071.083338 2.013020 4.026040 0.133585
noWIMP/withWIMP/diff/D/sig: 7199.648303 7201.271661 1.623358 3.246716 0.197235
noWIMP/withWIMP/diff/D/sig: 7078.036219 7080.022056 1.985837 3.971674 0.137266
noWIMP/withWIMP/diff/D/sig: 7184.105658 7186.938167 2.832509 5.665017 0.058865
noWIMP/withWIMP/diff/D/sig: 7153.456467 7153.711298 0.254831 0.509662 0.775048
noWIMP/withWIMP/diff/D/sig: 7193.983812 7193.701657 -0.282155 0.564311 0.754156
noWIMP/withWIMP/diff/D/sig: 7220.937686 7220.899630 -0.038056 0.076111 0.962660
noWIMP/withWIMP/diff/D/sig: 7267.821600 7268.020816 0.199217 0.398433 0.819372
noWIMP/withWIMP/diff/D/sig: 7311.594311 7311.773471 0.179160 0.358320 0.835972
noWIMP/withWIMP/diff/D/sig: 7072.828427 7073.507772 0.679345 1.358690 0.506949
noWIMP/withWIMP/diff/D/sig: 7154.511885 7155.643826 1.131942 2.263883 0.322407
noWIMP/withWIMP/diff/D/sig: 7101.020680 7100.685058 -0.335622 0.671244 0.714893
noWIMP/withWIMP/diff/D/sig: 7072.830038 7072.601363 -0.228675 0.457349 0.795587
noWIMP/withWIMP/diff/D/sig: 7347.283122 7347.917236 0.634114 1.268228 0.530405
noWIMP/withWIMP/diff/D/sig: 7116.319579 7115.730383 -0.589197 1.178393 0.554773
noWIMP/withWIMP/diff/D/sig: 7105.142035 7106.276974 1.134939 2.269878 0.321442
noWIMP/withWIMP/diff/D/sig: 7187.840366 7188.086806 0.246439 0.492878 0.781579
noWIMP/withWIMP/diff/D/sig: 7035.070854 7035.324696 0.253843 0.507686 0.775814
noWIMP/withWIMP/diff/D/sig: 7242.839516 7243.009840 0.170324 0.340648 0.843391
noWIMP/withWIMP/diff/D/sig: 7145.829695 7147.163018 1.333323 2.666646 0.263600
noWIMP/withWIMP/diff/D/sig: 7037.577868 7037.254181 -0.323687 0.647373 0.723477
noWIMP/withWIMP/diff/D/sig: 7213.371484 7213.289486 -0.081999 0.163998 0.921273
noWIMP/withWIMP/diff/D/sig: 7335.060184 7335.156688 0.096504 0.193008 0.908006
noWIMP/withWIMP/diff/D/sig: 7194.857792 7195.861397 1.003605 2.007211 0.366556
noWIMP/withWIMP/diff/D/sig: 7151.136166 7152.736071 1.599905 3.199810 0.201916
noWIMP/withWIMP/diff/D/sig: 7172.350124 7171.160447 -1.189677 2.379354 0.304319
noWIMP/withWIMP/diff/D/sig: 7199.752557 7200.850809 1.098252 2.196503 0.333454
noWIMP/withWIMP/diff/D/sig: 7112.296420 7114.009833 1.713412 3.426825 0.180250
noWIMP/withWIMP/diff/D/sig: 7107.645352 7107.693044 0.047692 0.095385 0.953427
noWIMP/withWIMP/diff/D/sig: 7307.755061 7308.376976 0.621915 1.243830 0.536915
noWIMP/withWIMP/diff/D/sig: 7148.079789 7150.210937 2.131148 4.262296 0.118701
noWIMP/withWIMP/diff/D/sig: 7242.564265 7242.269634 -0.294631 0.589262 0.744806
noWIMP/withWIMP/diff/D/sig: 7202.356054 7201.889022 -0.467032 0.934064 0.626860
noWIMP/withWIMP/diff/D/sig: 7323.273700 7324.714089 1.440389 2.880778 0.236836
noWIMP/withWIMP/diff/D/sig: 7000.190689 7000.248182 0.057493 0.114986 0.944128
noWIMP/withWIMP/diff/D/sig: 7277.919468 7278.916266 0.996799 1.993598 0.369059
noWIMP/withWIMP/diff/D/sig: 7314.497217 7314.973885 0.476669 0.953337 0.620848
noWIMP/withWIMP/diff/D/sig: 7290.344377 7290.823391 0.479014 0.958027 0.619394
noWIMP/withWIMP/diff/D/sig: 7124.153539 7125.786549 1.633010 3.266020 0.195341
noWIMP/withWIMP/diff/D/sig: 7159.478630 7159.003240 -0.475390 0.950781 0.621642
noWIMP/withWIMP/diff/D/sig: 7230.827752 7231.630313 0.802561 1.605122 0.448180
noWIMP/withWIMP/diff/D/sig: 7335.059620 7335.931477 0.871856 1.743713 0.418175
noWIMP/withWIMP/diff/D/sig: 7192.014786 7191.033045 -0.981740 1.963481 0.374658
noWIMP/withWIMP/diff/D/sig: 7182.793347 7184.781607 1.988260 3.976519 0.136934
noWIMP/withWIMP/diff/D/sig: 7016.973932 7015.678998 -1.294934 2.589868 0.273916
noWIMP/withWIMP/diff/D/sig: 7132.451259 7130.998357 -1.452902 2.905805 0.233890
noWIMP/withWIMP/diff/D/sig: 7275.321256 7273.947700 -1.373556 2.747111 0.253205
noWIMP/withWIMP/diff/D/sig: 7236.775303 7236.969866 0.194564 0.389127 0.823194
noWIMP/withWIMP/diff/D/sig: 7138.216571 7138.960681 0.744110 1.488221 0.475157
noWIMP/withWIMP/diff/D/sig: 7308.815660 7309.777630 0.961970 1.923941 0.382139
noWIMP/withWIMP/diff/D/sig: 7359.826084 7360.748685 0.922601 1.845202 0.397484
noWIMP/withWIMP/diff/D/sig: 7198.119934 7198.608958 0.489025 0.978050 0.613224
noWIMP/withWIMP/diff/D/sig: 7268.936792 7268.604692 -0.332100 0.664200 0.717416
noWIMP/withWIMP/diff/D/sig: 7299.581536 7298.763475 -0.818061 1.636122 0.441287
noWIMP/withWIMP/diff/D/sig: 7190.568755 7191.822440 1.253686 2.507371 0.285451
noWIMP/withWIMP/diff/D/sig: 7293.596112 7294.376196 0.780084 1.560169 0.458367
noWIMP/withWIMP/diff/D/sig: 7253.206678 7250.700055 -2.506623 5.013246 0.081543
noWIMP/withWIMP/diff/D/sig: 7094.918895 7094.436928 -0.481967 0.963934 0.617568
noWIMP/withWIMP/diff/D/sig: 7297.682746 7299.418185 1.735439 3.470877 0.176323
noWIMP/withWIMP/diff/D/sig: 7339.750488 7339.555009 -0.195478 0.390956 0.822441
noWIMP/withWIMP/diff/D/sig: 7070.401925 7071.847459 1.445534 2.891068 0.235620
noWIMP/withWIMP/diff/D/sig: 7064.889254 7064.041225 -0.848029 1.696059 0.428258
noWIMP/withWIMP/diff/D/sig: 7361.699454 7362.402572 0.703119 1.406238 0.495039
noWIMP/withWIMP/diff/D/sig: 7210.568714 7210.083602 -0.485112 0.970224 0.615628
noWIMP/withWIMP/diff/D/sig: 7248.441007 7250.184990 1.743983 3.487966 0.174823
noWIMP/withWIMP/diff/D/sig: 7240.886146 7238.978610 -1.907536 3.815073 0.148446
noWIMP/withWIMP/diff/D/sig: 7231.226651 7232.033537 0.806886 1.613772 0.446246
noWIMP/withWIMP/diff/D/sig: 7122.372002 7119.550231 -2.821772 5.643543 0.059500
noWIMP/withWIMP/diff/D/sig: 7311.575551 7313.960262 2.384712 4.769423 0.092116
noWIMP/withWIMP/diff/D/sig: 7235.336830 7233.695132 -1.641697 3.283394 0.193651
noWIMP/withWIMP/diff/D/sig: 7363.613046 7363.270844 -0.342202 0.684403 0.710205
noWIMP/withWIMP/diff/D/sig: 7130.299883 7132.396248 2.096365 4.192731 0.122902
noWIMP/withWIMP/diff/D/sig: 7249.523135 7249.606550 0.083415 0.166830 0.919969
noWIMP/withWIMP/diff/D/sig: 7160.885935 7162.236063 1.350128 2.700257 0.259207
noWIMP/withWIMP/diff/D/sig: 7218.676860 7219.027093 0.350233 0.700467 0.704524
noWIMP/withWIMP/diff/D/sig: 7188.363829 7186.260980 -2.102849 4.205698 0.122108
noWIMP/withWIMP/diff/D/sig: 7306.648487 7308.445734 1.797246 3.594492 0.165755
noWIMP/withWIMP/diff/D/sig: 7328.644371 7328.296007 -0.348364 0.696728 0.705842
noWIMP/withWIMP/diff/D/sig: 7265.905823 7266.014577 0.108754 0.217508 0.896951
noWIMP/withWIMP/diff/D/sig: 7096.301923 7097.755325 1.453402 2.906805 0.233774
noWIMP/withWIMP/diff/D/sig: 7420.869417 7422.352881 1.483465 2.966930 0.226850
noWIMP/withWIMP/diff/D/sig: 7291.974700 7293.988260 2.013559 4.027119 0.133513
noWIMP/withWIMP/diff/D/sig: 7327.704485 7329.783710 2.079225 4.158450 0.125027
noWIMP/withWIMP/diff/D/sig: 7021.958482 7021.879347 -0.079135 0.158270 0.923915
noWIMP/withWIMP/diff/D/sig: 7230.740387 7232.527297 1.786910 3.573820 0.167477
noWIMP/withWIMP/diff/D/sig: 7171.257359 7172.425653 1.168293 2.336587 0.310897
noWIMP/withWIMP/diff/D/sig: 7268.628491 7270.215261 1.586770 3.173540 0.204585
noWIMP/withWIMP/diff/D/sig: 7272.748609 7272.404001 -0.344608 0.689216 0.708498
noWIMP/withWIMP/diff/D/sig: 7176.604430 7176.293012 -0.311417 0.622835 0.732408
noWIMP/withWIMP/diff/D/sig: 7235.497999 7235.878011 0.380012 0.760024 0.683853
noWIMP/withWIMP/diff/D/sig: 7168.287374 7168.894946 0.607572 1.215145 0.544672
noWIMP/withWIMP/diff/D/sig: 7269.153075 7271.423755 2.270680 4.541360 0.103242
noWIMP/withWIMP/diff/D/sig: 7170.349542 7170.894551 0.545009 1.090017 0.579837
noWIMP/withWIMP/diff/D/sig: 7267.900245 7267.914200 0.013955 0.027910 0.986142
noWIMP/withWIMP/diff/D/sig: 7232.307698 7233.206548 0.898850 1.797700 0.407038
noWIMP/withWIMP/diff/D/sig: 7404.643884 7403.601113 -1.042772 2.085544 0.352476
noWIMP/withWIMP/diff/D/sig: 7258.756933 7259.515385 0.758451 1.516903 0.468391
noWIMP/withWIMP/diff/D/sig: 7192.983111 7193.541758 0.558647 1.117294 0.571982
noWIMP/withWIMP/diff/D/sig: 7115.275056 7113.956412 -1.318643 2.637286 0.267498
noWIMP/withWIMP/diff/D/sig: 7190.489235 7193.478114 2.988879 5.977758 0.050344
noWIMP/withWIMP/diff/D/sig: 7372.143049 7372.560446 0.417397 0.834794 0.658759
noWIMP/withWIMP/diff/D/sig: 7365.918980 7366.800248 0.881268 1.762537 0.414257
noWIMP/withWIMP/diff/D/sig: 7303.881900 7302.294693 -1.587207 3.174414 0.204496
noWIMP/withWIMP/diff/D/sig: 7377.378463 7377.677240 0.298777 0.597555 0.741724
noWIMP/withWIMP/diff/D/sig: 7310.285205 7309.966675 -0.318530 0.637061 0.727217
noWIMP/withWIMP/diff/D/sig: 7193.449218 7194.182029 0.732811 1.465622 0.480556
noWIMP/withWIMP/diff/D/sig: 7189.048920 7190.480008 1.431087 2.862174 0.239049
noWIMP/withWIMP/diff/D/sig: 7105.746015 7105.851009 0.104994 0.209988 0.900330
noWIMP/withWIMP/diff/D/sig: 7248.019682 7248.876261 0.856578 1.713156 0.424613
noWIMP/withWIMP/diff/D/sig: 7243.888424 7244.151594 0.263170 0.526339 0.768612
noWIMP/withWIMP/diff/D/sig: 7154.613621 7156.887323 2.273702 4.547404 0.102930
noWIMP/withWIMP/diff/D/sig: 7184.141212 7183.317026 -0.824186 1.648372 0.438592
noWIMP/withWIMP/diff/D/sig: 7223.478695 7223.825262 0.346566 0.693132 0.707112
noWIMP/withWIMP/diff/D/sig: 7278.518692 7277.671932 -0.846760 1.693520 0.428802
noWIMP/withWIMP/diff/D/sig: 7165.702957 7166.848592 1.145635 2.291270 0.318022
noWIMP/withWIMP/diff/D/sig: 7201.786702 7201.136070 -0.650632 1.301265 0.521716
noWIMP/withWIMP/diff/D/sig: 7308.400576 7308.244458 -0.156118 0.312236 0.855458
noWIMP/withWIMP/diff/D/sig: 7114.911085 7116.506496 1.595411 3.190821 0.202825
noWIMP/withWIMP/diff/D/sig: 7201.988393 7202.208196 0.219803 0.439606 0.802677
noWIMP/withWIMP/diff/D/sig: 7185.050948 7188.057427 3.006479 6.012959 0.049466
noWIMP/withWIMP/diff/D/sig: 7273.823180 7273.574811 -0.248370 0.496740 0.780071
noWIMP/withWIMP/diff/D/sig: 7251.333513 7253.333770 2.000257 4.000515 0.135300
noWIMP/withWIMP/diff/D/sig: 7108.700859 7108.812548 0.111689 0.223379 0.894322
noWIMP/withWIMP/diff/D/sig: 7440.956438 7439.483653 -1.472785 2.945570 0.229286
noWIMP/withWIMP/diff/D/sig: 7149.642891 7151.338459 1.695569 3.391137 0.183495
noWIMP/withWIMP/diff/D/sig: 7229.008149 7228.017662 -0.990487 1.980975 0.371396
noWIMP/withWIMP/diff/D/sig: 7197.139579 7199.021197 1.881618 3.763235 0.152343
noWIMP/withWIMP/diff/D/sig: 7107.140645 7109.553554 2.412909 4.825818 0.089554
noWIMP/withWIMP/diff/D/sig: 7436.112355 7435.867865 -0.244490 0.488981 0.783104
noWIMP/withWIMP/diff/D/sig: 7242.832515 7244.242756 1.410242 2.820483 0.244084
noWIMP/withWIMP/diff/D/sig: 7260.993948 7262.569954 1.576007 3.152013 0.206799
noWIMP/withWIMP/diff/D/sig: 7252.400151 7254.079173 1.679023 3.358046 0.186556
noWIMP/withWIMP/diff/D/sig: 7246.680797 7244.610687 -2.070109 4.140219 0.126172
noWIMP/withWIMP/diff/D/sig: 7159.419399 7159.801488 0.382088 0.764177 0.682435
noWIMP/withWIMP/diff/D/sig: 7052.215683 7052.364768 0.149084 0.298169 0.861496
noWIMP/withWIMP/diff/D/sig: 7309.178176 7309.147801 -0.030375 0.060750 0.970082
noWIMP/withWIMP/diff/D/sig: 7325.341488 7325.506705 0.165217 0.330434 0.847710
noWIMP/withWIMP/diff/D/sig: 7190.345681 7189.531124 -0.814557 1.629113 0.442836
noWIMP/withWIMP/diff/D/sig: 7238.034427 7239.050730 1.016303 2.032606 0.361931
noWIMP/withWIMP/diff/D/sig: 7240.691610 7242.634805 1.943196 3.886391 0.143245
noWIMP/withWIMP/diff/D/sig: 7236.256178 7238.061193 1.805016 3.610031 0.164472
