noWIMP/withWIMP/diff/D/sig: 7356.853321 7351.856962 -4.996359 9.992718 0.006763
noWIMP/withWIMP/diff/D/sig: 7379.905503 7370.184384 -9.721119 19.442239 0.000060
noWIMP/withWIMP/diff/D/sig: 7173.310313 7170.892651 -2.417662 4.835324 0.089130
noWIMP/withWIMP/diff/D/sig: 7054.683704 7050.886810 -3.796894 7.593788 0.022440
noWIMP/withWIMP/diff/D/sig: 7045.792544 7043.271194 -2.521350 5.042700 0.080351
noWIMP/withWIMP/diff/D/sig: 6984.166812 6981.921910 -2.244902 4.489804 0.105938
noWIMP/withWIMP/diff/D/sig: 7060.034888 7055.819621 -4.215266 8.430533 0.014768
noWIMP/withWIMP/diff/D/sig: 7094.001151 7090.871506 -3.129645 6.259290 0.043733
noWIMP/withWIMP/diff/D/sig: 7616.271237 7610.394408 -5.876829 11.753659 0.002804
noWIMP/withWIMP/diff/D/sig: 7475.628273 7465.119950 -10.508324 21.016648 0.000027
noWIMP/withWIMP/diff/D/sig: 6825.206404 6824.927999 -0.278405 0.556809 0.756990
noWIMP/withWIMP/diff/D/sig: 7401.499488 7392.068501 -9.430987 18.861974 0.000080
noWIMP/withWIMP/diff/D/sig: 7319.472881 7310.833866 -8.639016 17.278032 0.000177
noWIMP/withWIMP/diff/D/sig: 7280.472210 7272.473633 -7.998576 15.997152 0.000336
noWIMP/withWIMP/diff/D/sig: 6850.464441 6845.798878 -4.665563 9.331127 0.009414
noWIMP/withWIMP/diff/D/sig: 6962.639625 6959.774138 -2.865487 5.730975 0.056955
noWIMP/withWIMP/diff/D/sig: 7447.168567 7441.439824 -5.728743 11.457485 0.003251
noWIMP/withWIMP/diff/D/sig: 7503.194294 7493.327152 -9.867142 19.734285 0.000052
noWIMP/withWIMP/diff/D/sig: 6866.245070 6863.636259 -2.608812 5.217623 0.073622
noWIMP/withWIMP/diff/D/sig: 7680.374493 7671.695672 -8.678820 17.357641 0.000170
noWIMP/withWIMP/diff/D/sig: 7403.723349 7397.003958 -6.719391 13.438782 0.001207
noWIMP/withWIMP/diff/D/sig: 7420.256633 7413.053756 -7.202877 14.405754 0.000744
noWIMP/withWIMP/diff/D/sig: 6975.263867 6972.161872 -3.101995 6.203991 0.044959
noWIMP/withWIMP/diff/D/sig: 7562.217104 7554.892826 -7.324278 14.648557 0.000659
noWIMP/withWIMP/diff/D/sig: 7582.645323 7576.128071 -6.517252 13.034504 0.001478
noWIMP/withWIMP/diff/D/sig: 7383.858335 7377.054173 -6.804162 13.608324 0.001109
noWIMP/withWIMP/diff/D/sig: 7457.882682 7448.126871 -9.755811 19.511623 0.000058
noWIMP/withWIMP/diff/D/sig: 6827.338428 6824.712531 -2.625897 5.251794 0.072375
noWIMP/withWIMP/diff/D/sig: 7458.250818 7452.030022 -6.220796 12.441592 0.001988
noWIMP/withWIMP/diff/D/sig: 6870.391310 6864.938193 -5.453117 10.906234 0.004283
noWIMP/withWIMP/diff/D/sig: 7413.501672 7407.060087 -6.441585 12.883170 0.001594
noWIMP/withWIMP/diff/D/sig: 7189.725971 7184.466029 -5.259942 10.519883 0.005196
noWIMP/withWIMP/diff/D/sig: 7258.260352 7251.025751 -7.234601 14.469202 0.000721
noWIMP/withWIMP/diff/D/sig: 7507.185933 7498.358218 -8.827715 17.655429 0.000147
noWIMP/withWIMP/diff/D/sig: 7566.963537 7561.651638 -5.311900 10.623799 0.004933
noWIMP/withWIMP/diff/D/sig: 7427.503225 7417.508554 -9.994671 19.989341 0.000046
noWIMP/withWIMP/diff/D/sig: 7637.927210 7627.890975 -10.036235 20.072470 0.000044
noWIMP/withWIMP/diff/D/sig: 7498.698698 7487.611146 -11.087552 22.175103 0.000015
noWIMP/withWIMP/diff/D/sig: 7622.210030 7612.250227 -9.959802 19.919605 0.000047
noWIMP/withWIMP/diff/D/sig: 7507.193000 7498.912139 -8.280861 16.561722 0.000253
noWIMP/withWIMP/diff/D/sig: 6973.449448 6968.933789 -4.515658 9.031317 0.010936
noWIMP/withWIMP/diff/D/sig: 7581.073122 7570.426765 -10.646358 21.292715 0.000024
noWIMP/withWIMP/diff/D/sig: 7605.628512 7599.096630 -6.531882 13.063764 0.001456
noWIMP/withWIMP/diff/D/sig: 7451.860873 7442.329055 -9.531817 19.063634 0.000073
noWIMP/withWIMP/diff/D/sig: 7533.297819 7526.880486 -6.417333 12.834666 0.001633
noWIMP/withWIMP/diff/D/sig: 7626.987694 7617.881355 -9.106340 18.212679 0.000111
noWIMP/withWIMP/diff/D/sig: 7541.332265 7533.063703 -8.268562 16.537124 0.000256
noWIMP/withWIMP/diff/D/sig: 7279.242589 7274.713157 -4.529432 9.058865 0.010787
noWIMP/withWIMP/diff/D/sig: 6920.819464 6917.206079 -3.613386 7.226772 0.026960
noWIMP/withWIMP/diff/D/sig: 7592.859891 7097.707200 -495.152692 990.305383 0.000000
noWIMP/withWIMP/diff/D/sig: 6786.204612 6783.983453 -2.221159 4.442318 0.108483
noWIMP/withWIMP/diff/D/sig: 7630.425137 7622.623497 -7.801640 15.603280 0.000409
noWIMP/withWIMP/diff/D/sig: 7512.143956 7504.380434 -7.763522 15.527044 0.000425
noWIMP/withWIMP/diff/D/sig: 7413.109814 7402.991866 -10.117948 20.235895 0.000040
noWIMP/withWIMP/diff/D/sig: 6939.988375 6936.222137 -3.766238 7.532476 0.023139
noWIMP/withWIMP/diff/D/sig: 7058.735803 7054.605596 -4.130207 8.260415 0.016080
noWIMP/withWIMP/diff/D/sig: 7522.494846 7513.501668 -8.993178 17.986356 0.000124
noWIMP/withWIMP/diff/D/sig: 7405.407966 7393.041813 -12.366152 24.732305 0.000004
noWIMP/withWIMP/diff/D/sig: 6952.037688 6949.651498 -2.386189 4.772379 0.091980
noWIMP/withWIMP/diff/D/sig: 7472.138125 7463.996907 -8.141219 16.282437 0.000291
noWIMP/withWIMP/diff/D/sig: 7527.365932 7514.863068 -12.502864 25.005728 0.000004
noWIMP/withWIMP/diff/D/sig: 7432.591140 7424.606533 -7.984607 15.969215 0.000341
noWIMP/withWIMP/diff/D/sig: 7405.136993 7399.430297 -5.706696 11.413393 0.003324
noWIMP/withWIMP/diff/D/sig: 7468.739101 7461.893918 -6.845184 13.690367 0.001065
noWIMP/withWIMP/diff/D/sig: 7447.620364 7437.780346 -9.840018 19.680035 0.000053
noWIMP/withWIMP/diff/D/sig: 7607.721360 7598.901698 -8.819662 17.639324 0.000148
noWIMP/withWIMP/diff/D/sig: 7701.099556 7689.946465 -11.153090 22.306181 0.000014
noWIMP/withWIMP/diff/D/sig: 7395.826391 7386.673320 -9.153071 18.306141 0.000106
noWIMP/withWIMP/diff/D/sig: 7488.406224 7477.524786 -10.881438 21.762876 0.000019
noWIMP/withWIMP/diff/D/sig: 7461.379686 7454.690498 -6.689187 13.378375 0.001244
noWIMP/withWIMP/diff/D/sig: 7478.385443 7474.786903 -3.598540 7.197080 0.027364
noWIMP/withWIMP/diff/D/sig: 7452.431811 7445.352203 -7.079608 14.159216 0.000842
noWIMP/withWIMP/diff/D/sig: 6982.033732 6978.560589 -3.473143 6.946286 0.031019
noWIMP/withWIMP/diff/D/sig: 7845.149433 7839.629965 -5.519468 11.038936 0.004008
noWIMP/withWIMP/diff/D/sig: 7096.295261 7093.684971 -2.610291 5.220581 0.073513
noWIMP/withWIMP/diff/D/sig: 7373.665790 7367.200670 -6.465119 12.930238 0.001557
noWIMP/withWIMP/diff/D/sig: 7657.922206 7647.709144 -10.213061 20.426123 0.000037
noWIMP/withWIMP/diff/D/sig: 7415.931197 7410.027513 -5.903684 11.807368 0.002729
noWIMP/withWIMP/diff/D/sig: 7466.134445 7457.978288 -8.156157 16.312314 0.000287
noWIMP/withWIMP/diff/D/sig: 7407.924746 7401.265068 -6.659677 13.319354 0.001282
noWIMP/withWIMP/diff/D/sig: 7466.142876 7459.158435 -6.984441 13.968882 0.000926
noWIMP/withWIMP/diff/D/sig: 7007.728194 7001.708256 -6.019939 12.039877 0.002430
noWIMP/withWIMP/diff/D/sig: 7035.365355 7030.419689 -4.945665 9.891331 0.007114
noWIMP/withWIMP/diff/D/sig: 7552.138047 7544.835616 -7.302431 14.604862 0.000674
noWIMP/withWIMP/diff/D/sig: 6979.448347 6975.982093 -3.466254 6.932508 0.031234
noWIMP/withWIMP/diff/D/sig: 7492.454341 7479.518795 -12.935547 25.871093 0.000002
noWIMP/withWIMP/diff/D/sig: 7028.584073 7024.747548 -3.836525 7.673050 0.021568
noWIMP/withWIMP/diff/D/sig: 7353.489564 7346.887257 -6.602307 13.204615 0.001357
noWIMP/withWIMP/diff/D/sig: 7566.962604 7559.680978 -7.281625 14.563251 0.000688
noWIMP/withWIMP/diff/D/sig: 7688.640906 7686.130696 -2.510211 5.020422 0.081251
noWIMP/withWIMP/diff/D/sig: 7602.744621 7595.162000 -7.582621 15.165242 0.000509
noWIMP/withWIMP/diff/D/sig: 7397.726817 7392.422095 -5.304722 10.609443 0.004968
noWIMP/withWIMP/diff/D/sig: 7652.065629 7644.802969 -7.262661 14.525321 0.000701
noWIMP/withWIMP/diff/D/sig: 7574.374507 7562.055731 -12.318776 24.637552 0.000004
noWIMP/withWIMP/diff/D/sig: 7563.911895 7553.341471 -10.570423 21.140847 0.000026
noWIMP/withWIMP/diff/D/sig: 7669.408986 7663.323142 -6.085844 12.171688 0.002275
noWIMP/withWIMP/diff/D/sig: 7562.269572 7553.735402 -8.534170 17.068340 0.000197
noWIMP/withWIMP/diff/D/sig: 7113.900141 7111.034979 -2.865163 5.730326 0.056974
noWIMP/withWIMP/diff/D/sig: 7068.838042 7066.914061 -1.923980 3.847961 0.146025
noWIMP/withWIMP/diff/D/sig: 7477.238841 7466.121691 -11.117151 22.234301 0.000015
noWIMP/withWIMP/diff/D/sig: 7304.374747 7298.847188 -5.527559 11.055118 0.003976
noWIMP/withWIMP/diff/D/sig: 7559.930906 7551.246541 -8.684366 17.368732 0.000169
noWIMP/withWIMP/diff/D/sig: 7583.156951 7578.738721 -4.418230 8.836461 0.012056
noWIMP/withWIMP/diff/D/sig: 7550.894719 7541.989591 -8.905128 17.810256 0.000136
noWIMP/withWIMP/diff/D/sig: 7562.252427 7558.611649 -3.640779 7.281557 0.026232
noWIMP/withWIMP/diff/D/sig: 7785.466706 7777.284702 -8.182004 16.364008 0.000280
noWIMP/withWIMP/diff/D/sig: 7401.661555 7393.937097 -7.724458 15.448916 0.000442
noWIMP/withWIMP/diff/D/sig: 7557.398012 7551.167480 -6.230531 12.461063 0.001968
noWIMP/withWIMP/diff/D/sig: 7079.981526 7075.721991 -4.259535 8.519070 0.014129
noWIMP/withWIMP/diff/D/sig: 7656.288343 7645.604186 -10.684157 21.368315 0.000023
noWIMP/withWIMP/diff/D/sig: 7551.431752 7544.551801 -6.879952 13.759903 0.001028
noWIMP/withWIMP/diff/D/sig: 7054.651616 7049.875523 -4.776093 9.552186 0.008429
noWIMP/withWIMP/diff/D/sig: 7550.324285 7541.035677 -9.288608 18.577217 0.000092
noWIMP/withWIMP/diff/D/sig: 7585.988166 7574.138244 -11.849922 23.699844 0.000007
noWIMP/withWIMP/diff/D/sig: 7688.664417 7680.835904 -7.828512 15.657025 0.000398
noWIMP/withWIMP/diff/D/sig: 7115.075018 7112.392894 -2.682124 5.364248 0.068418
noWIMP/withWIMP/diff/D/sig: 6992.207110 6990.570142 -1.636968 3.273935 0.194569
noWIMP/withWIMP/diff/D/sig: 7643.519286 7638.312375 -5.206911 10.413822 0.005479
noWIMP/withWIMP/diff/D/sig: 7556.061854 7546.575355 -9.486500 18.972999 0.000076
noWIMP/withWIMP/diff/D/sig: 7244.044159 7240.233167 -3.810993 7.621985 0.022126
noWIMP/withWIMP/diff/D/sig: 7599.651054 7591.515293 -8.135760 16.271521 0.000293
noWIMP/withWIMP/diff/D/sig: 7455.117508 7442.195738 -12.921770 25.843540 0.000002
noWIMP/withWIMP/diff/D/sig: 7424.497255 7411.673263 -12.823992 25.647984 0.000003
noWIMP/withWIMP/diff/D/sig: 7437.804600 7433.697803 -4.106797 8.213595 0.016460
noWIMP/withWIMP/diff/D/sig: 7641.640964 7634.534287 -7.106676 14.213353 0.000820
noWIMP/withWIMP/diff/D/sig: 7525.892883 7516.086227 -9.806656 19.613312 0.000055
noWIMP/withWIMP/diff/D/sig: 6921.050412 6916.932263 -4.118150 8.236299 0.016275
noWIMP/withWIMP/diff/D/sig: 7123.940516 7121.636227 -2.304288 4.608577 0.099830
noWIMP/withWIMP/diff/D/sig: 7629.397166 7623.606605 -5.790560 11.581121 0.003056
noWIMP/withWIMP/diff/D/sig: 6944.268305 6940.315583 -3.952721 7.905442 0.019202
noWIMP/withWIMP/diff/D/sig: 7516.494575 7509.091177 -7.403398 14.806795 0.000609
noWIMP/withWIMP/diff/D/sig: 7557.336410 7551.157973 -6.178437 12.356874 0.002074
noWIMP/withWIMP/diff/D/sig: 7568.650532 7560.988069 -7.662464 15.324927 0.000470
noWIMP/withWIMP/diff/D/sig: 7317.515289 7313.451734 -4.063554 8.127108 0.017188
noWIMP/withWIMP/diff/D/sig: 7653.792158 7643.568296 -10.223861 20.447722 0.000036
noWIMP/withWIMP/diff/D/sig: 7027.131730 7022.720603 -4.411127 8.822254 0.012141
noWIMP/withWIMP/diff/D/sig: 7329.877888 7322.127780 -7.750108 15.500216 0.000431
noWIMP/withWIMP/diff/D/sig: 6930.379766 6926.858597 -3.521169 7.042339 0.029565
noWIMP/withWIMP/diff/D/sig: 6940.783600 6936.964331 -3.819269 7.638538 0.021944
noWIMP/withWIMP/diff/D/sig: 7421.925149 7415.171686 -6.753464 13.506927 0.001167
noWIMP/withWIMP/diff/D/sig: 7032.503998 7030.728662 -1.775336 3.550671 0.169427
noWIMP/withWIMP/diff/D/sig: 7720.662476 7711.948248 -8.714228 17.428455 0.000164
noWIMP/withWIMP/diff/D/sig: 7289.694865 7284.860480 -4.834386 9.668772 0.007952
noWIMP/withWIMP/diff/D/sig: 7564.485435 7557.009405 -7.476030 14.952060 0.000567
noWIMP/withWIMP/diff/D/sig: 7597.060543 7590.298324 -6.762219 13.524437 0.001157
noWIMP/withWIMP/diff/D/sig: 7451.067675 7443.332125 -7.735550 15.471100 0.000437
noWIMP/withWIMP/diff/D/sig: 7476.693361 7469.737175 -6.956186 13.912371 0.000953
noWIMP/withWIMP/diff/D/sig: 7519.990060 7512.039879 -7.950182 15.900363 0.000353
noWIMP/withWIMP/diff/D/sig: 6961.004698 6957.058670 -3.946028 7.892056 0.019331
noWIMP/withWIMP/diff/D/sig: 7069.018454 7066.405309 -2.613146 5.226291 0.073304
noWIMP/withWIMP/diff/D/sig: 7461.879716 7453.764379 -8.115337 16.230675 0.000299
noWIMP/withWIMP/diff/D/sig: 7003.424144 6996.770560 -6.653584 13.307168 0.001289
noWIMP/withWIMP/diff/D/sig: 7065.838147 7062.474799 -3.363348 6.726696 0.034619
noWIMP/withWIMP/diff/D/sig: 7454.924345 7445.906328 -9.018018 18.036035 0.000121
noWIMP/withWIMP/diff/D/sig: 7527.828305 7520.368775 -7.459530 14.919060 0.000576
noWIMP/withWIMP/diff/D/sig: 7435.209618 7426.486253 -8.723365 17.446729 0.000163
noWIMP/withWIMP/diff/D/sig: 7531.684530 7522.118644 -9.565886 19.131773 0.000070
noWIMP/withWIMP/diff/D/sig: 7435.424961 7427.338194 -8.086767 16.173535 0.000308
noWIMP/withWIMP/diff/D/sig: 7109.185942 7102.330865 -6.855076 13.710153 0.001054
noWIMP/withWIMP/diff/D/sig: 7603.793679 7594.345530 -9.448149 18.896297 0.000079
noWIMP/withWIMP/diff/D/sig: 7469.854634 7460.807308 -9.047325 18.094651 0.000118
noWIMP/withWIMP/diff/D/sig: 6985.358318 6982.183937 -3.174380 6.348761 0.041820
noWIMP/withWIMP/diff/D/sig: 7576.875230 7571.459230 -5.416000 10.832000 0.004445
noWIMP/withWIMP/diff/D/sig: 7629.800817 7625.193143 -4.607674 9.215348 0.009975
noWIMP/withWIMP/diff/D/sig: 7603.047101 7597.522388 -5.524712 11.049425 0.003987
noWIMP/withWIMP/diff/D/sig: 6860.698578 6858.136040 -2.562539 5.125078 0.077109
noWIMP/withWIMP/diff/D/sig: 7561.842039 7549.237967 -12.604071 25.208143 0.000003
noWIMP/withWIMP/diff/D/sig: 7557.309598 7072.881054 -484.428544 968.857088 0.000000
noWIMP/withWIMP/diff/D/sig: 6993.909550 6987.979390 -5.930160 11.860320 0.002658
noWIMP/withWIMP/diff/D/sig: 7210.302458 7204.482535 -5.819923 11.639846 0.002968
noWIMP/withWIMP/diff/D/sig: 7430.212523 7420.895840 -9.316683 18.633367 0.000090
noWIMP/withWIMP/diff/D/sig: 7520.952694 7514.752329 -6.200364 12.400729 0.002029
noWIMP/withWIMP/diff/D/sig: 7554.405355 7549.277734 -5.127621 10.255242 0.005931
noWIMP/withWIMP/diff/D/sig: 7700.892597 7690.009949 -10.882648 21.765296 0.000019
noWIMP/withWIMP/diff/D/sig: 6930.980263 6926.191312 -4.788951 9.577902 0.008321
noWIMP/withWIMP/diff/D/sig: 7567.735636 7561.046171 -6.689465 13.378930 0.001244
noWIMP/withWIMP/diff/D/sig: 7082.657551 7077.559802 -5.097748 10.195497 0.006110
noWIMP/withWIMP/diff/D/sig: 7373.997553 7363.608150 -10.389403 20.778806 0.000031
noWIMP/withWIMP/diff/D/sig: 7735.592181 7727.941515 -7.650665 15.301330 0.000476
noWIMP/withWIMP/diff/D/sig: 7468.104514 7462.283307 -5.821207 11.642413 0.002964
noWIMP/withWIMP/diff/D/sig: 7061.838671 7060.089154 -1.749517 3.499033 0.173858
noWIMP/withWIMP/diff/D/sig: 7450.624902 7439.085652 -11.539251 23.078501 0.000010
noWIMP/withWIMP/diff/D/sig: 7429.774791 7421.703256 -8.071535 16.143069 0.000312
noWIMP/withWIMP/diff/D/sig: 7646.903626 7634.908391 -11.995235 23.990471 0.000006
noWIMP/withWIMP/diff/D/sig: 6857.044950 6851.415330 -5.629620 11.259240 0.003590
noWIMP/withWIMP/diff/D/sig: 6901.695946 6896.605432 -5.090514 10.181028 0.006155
noWIMP/withWIMP/diff/D/sig: 7546.677271 7536.677461 -9.999810 19.999621 0.000045
noWIMP/withWIMP/diff/D/sig: 7418.810511 7409.721608 -9.088904 18.177807 0.000113
noWIMP/withWIMP/diff/D/sig: 7470.659265 7459.407670 -11.251594 22.503189 0.000013
noWIMP/withWIMP/diff/D/sig: 7622.279731 7612.880824 -9.398907 18.797815 0.000083
noWIMP/withWIMP/diff/D/sig: 7444.143614 7436.542503 -7.601110 15.202221 0.000500
noWIMP/withWIMP/diff/D/sig: 6812.796103 6808.166613 -4.629490 9.258980 0.009760
noWIMP/withWIMP/diff/D/sig: 7437.890215 7431.439165 -6.451050 12.902101 0.001579
noWIMP/withWIMP/diff/D/sig: 7628.298324 7619.598484 -8.699841 17.399681 0.000167
noWIMP/withWIMP/diff/D/sig: 7581.833971 7576.642387 -5.191584 10.383168 0.005563
noWIMP/withWIMP/diff/D/sig: 7035.388154 7032.724194 -2.663960 5.327920 0.069672
noWIMP/withWIMP/diff/D/sig: 7399.762680 7394.639903 -5.122777 10.245554 0.005959
noWIMP/withWIMP/diff/D/sig: 7626.053481 7614.334359 -11.719122 23.438244 0.000008
noWIMP/withWIMP/diff/D/sig: 6812.061999 6808.368107 -3.693891 7.387783 0.024875
noWIMP/withWIMP/diff/D/sig: 7499.248926 7487.081055 -12.167871 24.335742 0.000005
noWIMP/withWIMP/diff/D/sig: 7050.304364 7046.625884 -3.678480 7.356960 0.025261
noWIMP/withWIMP/diff/D/sig: 7372.469810 7363.974646 -8.495163 16.990326 0.000204
noWIMP/withWIMP/diff/D/sig: 7527.729774 7521.348933 -6.380841 12.761682 0.001694
noWIMP/withWIMP/diff/D/sig: 7586.924451 7575.087685 -11.836765 23.673531 0.000007
noWIMP/withWIMP/diff/D/sig: 7516.397653 7507.426016 -8.971637 17.943274 0.000127
noWIMP/withWIMP/diff/D/sig: 7122.838684 7119.844434 -2.994250 5.988499 0.050074
noWIMP/withWIMP/diff/D/sig: 7578.597292 7573.157187 -5.440105 10.880211 0.004339
noWIMP/withWIMP/diff/D/sig: 7154.271164 7152.272108 -1.999057 3.998113 0.135463
noWIMP/withWIMP/diff/D/sig: 7446.352692 7437.244959 -9.107732 18.215465 0.000111
noWIMP/withWIMP/diff/D/sig: 7622.499878 7614.642603 -7.857275 15.714549 0.000387
noWIMP/withWIMP/diff/D/sig: 7766.065569 7756.559527 -9.506042 19.012085 0.000074
noWIMP/withWIMP/diff/D/sig: 7601.408346 7588.691542 -12.716804 25.433609 0.000003
noWIMP/withWIMP/diff/D/sig: 7598.865311 7589.466080 -9.399232 18.798463 0.000083
noWIMP/withWIMP/diff/D/sig: 7615.211209 7604.552349 -10.658861 21.317722 0.000023
noWIMP/withWIMP/diff/D/sig: 7264.156588 7259.378520 -4.778068 9.556136 0.008412
noWIMP/withWIMP/diff/D/sig: 7169.866267 7167.095514 -2.770752 5.541505 0.062615
noWIMP/withWIMP/diff/D/sig: 7461.888672 7457.302763 -4.585908 9.171817 0.010194
noWIMP/withWIMP/diff/D/sig: 7523.142972 7514.524645 -8.618328 17.236656 0.000181
noWIMP/withWIMP/diff/D/sig: 7531.962434 7526.099763 -5.862671 11.725342 0.002844
noWIMP/withWIMP/diff/D/sig: 7518.097863 7509.315745 -8.782118 17.564236 0.000153
noWIMP/withWIMP/diff/D/sig: 7549.588847 7540.673642 -8.915205 17.830411 0.000134
noWIMP/withWIMP/diff/D/sig: 7123.268895 7118.924324 -4.344571 8.689143 0.012977
noWIMP/withWIMP/diff/D/sig: 7723.459418 7719.314505 -4.144913 8.289826 0.015845
noWIMP/withWIMP/diff/D/sig: 7522.668113 7516.241111 -6.427002 12.854004 0.001617
noWIMP/withWIMP/diff/D/sig: 7082.482440 7079.004611 -3.477829 6.955659 0.030874
noWIMP/withWIMP/diff/D/sig: 7499.826952 7493.828213 -5.998739 11.997478 0.002482
noWIMP/withWIMP/diff/D/sig: 7481.515238 7476.808262 -4.706976 9.413953 0.009032
noWIMP/withWIMP/diff/D/sig: 7150.430694 7146.643252 -3.787442 7.574884 0.022653
noWIMP/withWIMP/diff/D/sig: 7492.744959 7485.725955 -7.019005 14.038009 0.000895
noWIMP/withWIMP/diff/D/sig: 7496.961417 7486.476659 -10.484758 20.969515 0.000028
noWIMP/withWIMP/diff/D/sig: 7282.902897 7273.450730 -9.452167 18.904334 0.000079
noWIMP/withWIMP/diff/D/sig: 7584.593500 7576.413994 -8.179506 16.359013 0.000280
noWIMP/withWIMP/diff/D/sig: 7105.400398 7102.092230 -3.308169 6.616338 0.036583
noWIMP/withWIMP/diff/D/sig: 6947.169864 6943.485108 -3.684756 7.369512 0.025103
noWIMP/withWIMP/diff/D/sig: 7720.483181 7710.568139 -9.915042 19.830084 0.000049
noWIMP/withWIMP/diff/D/sig: 7574.590570 7565.309936 -9.280634 18.561267 0.000093
noWIMP/withWIMP/diff/D/sig: 7072.682435 7069.551936 -3.130499 6.260997 0.043696
noWIMP/withWIMP/diff/D/sig: 7629.472902 7622.634140 -6.838762 13.677523 0.001071
noWIMP/withWIMP/diff/D/sig: 7531.298815 7522.302580 -8.996235 17.992470 0.000124
noWIMP/withWIMP/diff/D/sig: 7022.339838 7018.100470 -4.239369 8.478737 0.014417
noWIMP/withWIMP/diff/D/sig: 6956.079005 6954.332750 -1.746255 3.492510 0.174426
noWIMP/withWIMP/diff/D/sig: 7094.906996 7089.712069 -5.194927 10.389854 0.005545
noWIMP/withWIMP/diff/D/sig: 7089.883233 7084.184255 -5.698977 11.397955 0.003349
noWIMP/withWIMP/diff/D/sig: 7610.451709 7602.856487 -7.595222 15.190445 0.000503
noWIMP/withWIMP/diff/D/sig: 7061.857019 7058.372639 -3.484379 6.968759 0.030673
noWIMP/withWIMP/diff/D/sig: 7118.100886 7114.191451 -3.909435 7.818869 0.020052
noWIMP/withWIMP/diff/D/sig: 7754.010694 7747.119932 -6.890762 13.781525 0.001017
noWIMP/withWIMP/diff/D/sig: 7529.723754 7526.007609 -3.716145 7.432290 0.024328
noWIMP/withWIMP/diff/D/sig: 7427.632189 7419.532281 -8.099907 16.199815 0.000304
noWIMP/withWIMP/diff/D/sig: 6994.493527 6989.451660 -5.041867 10.083733 0.006462
noWIMP/withWIMP/diff/D/sig: 7344.441255 7333.214207 -11.227048 22.454097 0.000013
noWIMP/withWIMP/diff/D/sig: 7540.519328 7530.660583 -9.858745 19.717489 0.000052
noWIMP/withWIMP/diff/D/sig: 7546.036197 7538.067034 -7.969164 15.938327 0.000346
noWIMP/withWIMP/diff/D/sig: 7595.482396 7585.466589 -10.015808 20.031615 0.000045
noWIMP/withWIMP/diff/D/sig: 7703.076976 7691.374060 -11.702917 23.405834 0.000008
noWIMP/withWIMP/diff/D/sig: 7629.132944 7623.899989 -5.232955 10.465909 0.005338
noWIMP/withWIMP/diff/D/sig: 7540.541280 7538.684797 -1.856484 3.712968 0.156221
noWIMP/withWIMP/diff/D/sig: 7619.036630 7610.161237 -8.875393 17.750786 0.000140
noWIMP/withWIMP/diff/D/sig: 7014.213667 7008.380750 -5.832917 11.665834 0.002930
noWIMP/withWIMP/diff/D/sig: 7511.223481 7502.516324 -8.707157 17.414314 0.000165
noWIMP/withWIMP/diff/D/sig: 7524.189351 7519.941520 -4.247830 8.495661 0.014295
noWIMP/withWIMP/diff/D/sig: 7437.324036 7429.505167 -7.818869 15.637739 0.000402
noWIMP/withWIMP/diff/D/sig: 7087.308665 7085.183454 -2.125211 4.250422 0.119408
noWIMP/withWIMP/diff/D/sig: 7533.804502 7526.909675 -6.894827 13.789655 0.001013
noWIMP/withWIMP/diff/D/sig: 7424.244949 7421.334770 -2.910179 5.820358 0.054466
noWIMP/withWIMP/diff/D/sig: 7663.830235 7659.238988 -4.591247 9.182494 0.010140
noWIMP/withWIMP/diff/D/sig: 6960.745601 6956.126106 -4.619495 9.238990 0.009858
noWIMP/withWIMP/diff/D/sig: 7673.637489 7664.405229 -9.232260 18.464521 0.000098
noWIMP/withWIMP/diff/D/sig: 7101.076928 7098.981484 -2.095444 4.190889 0.123016
noWIMP/withWIMP/diff/D/sig: 7471.211354 7461.289939 -9.921415 19.842831 0.000049
noWIMP/withWIMP/diff/D/sig: 7165.369024 7164.018082 -1.350942 2.701884 0.258996
noWIMP/withWIMP/diff/D/sig: 7730.402913 7722.365204 -8.037708 16.075417 0.000323
noWIMP/withWIMP/diff/D/sig: 7661.461317 7654.323087 -7.138229 14.276458 0.000794
noWIMP/withWIMP/diff/D/sig: 7118.185930 7113.976798 -4.209132 8.418265 0.014859
noWIMP/withWIMP/diff/D/sig: 6993.041199 6988.086313 -4.954885 9.909770 0.007049
noWIMP/withWIMP/diff/D/sig: 7200.850741 7195.139720 -5.711022 11.422043 0.003309
noWIMP/withWIMP/diff/D/sig: 7504.161687 7495.174927 -8.986760 17.973520 0.000125
noWIMP/withWIMP/diff/D/sig: 6818.722228 6815.137619 -3.584609 7.169218 0.027748
noWIMP/withWIMP/diff/D/sig: 7396.127461 7389.645478 -6.481984 12.963967 0.001531
noWIMP/withWIMP/diff/D/sig: 7182.708958 7177.586342 -5.122616 10.245232 0.005960
noWIMP/withWIMP/diff/D/sig: 7585.229209 7578.039407 -7.189803 14.379605 0.000754
noWIMP/withWIMP/diff/D/sig: 7086.303904 7083.413022 -2.890881 5.781763 0.055527
noWIMP/withWIMP/diff/D/sig: 7623.833935 7614.122102 -9.711833 19.423666 0.000061
noWIMP/withWIMP/diff/D/sig: 7511.471465 7501.670361 -9.801104 19.602207 0.000055
noWIMP/withWIMP/diff/D/sig: 7615.083343 7608.046425 -7.036918 14.073836 0.000879
noWIMP/withWIMP/diff/D/sig: 7090.847994 7088.080510 -2.767484 5.534968 0.062820
noWIMP/withWIMP/diff/D/sig: 7673.302043 7666.485072 -6.816971 13.633942 0.001095
noWIMP/withWIMP/diff/D/sig: 7210.671645 7206.520016 -4.151629 8.303258 0.015739
noWIMP/withWIMP/diff/D/sig: 7477.961535 7467.941433 -10.020102 20.040204 0.000044
noWIMP/withWIMP/diff/D/sig: 7425.646937 7420.421682 -5.225255 10.450510 0.005379
noWIMP/withWIMP/diff/D/sig: 7344.911274 7335.758388 -9.152885 18.305771 0.000106
noWIMP/withWIMP/diff/D/sig: 7549.662325 7540.964683 -8.697642 17.395284 0.000167
noWIMP/withWIMP/diff/D/sig: 7537.160700 7529.849678 -7.311022 14.622044 0.000668
noWIMP/withWIMP/diff/D/sig: 7355.513909 7349.591367 -5.922542 11.845084 0.002678
noWIMP/withWIMP/diff/D/sig: 7553.846049 7546.447950 -7.398099 14.796198 0.000612
noWIMP/withWIMP/diff/D/sig: 7543.391188 7534.660081 -8.731107 17.462213 0.000161
noWIMP/withWIMP/diff/D/sig: 7540.374982 7530.304355 -10.070627 20.141254 0.000042
noWIMP/withWIMP/diff/D/sig: 7465.244574 7454.761124 -10.483450 20.966899 0.000028
noWIMP/withWIMP/diff/D/sig: 7572.369421 7567.729481 -4.639940 9.279879 0.009658
noWIMP/withWIMP/diff/D/sig: 7336.514806 6831.762370 -504.752436 1009.504872 0.000000
noWIMP/withWIMP/diff/D/sig: 7648.116159 7640.658727 -7.457432 14.914863 0.000577
noWIMP/withWIMP/diff/D/sig: 7513.674253 7507.653038 -6.021215 12.042429 0.002427
noWIMP/withWIMP/diff/D/sig: 7534.299273 7526.534047 -7.765226 15.530451 0.000424
noWIMP/withWIMP/diff/D/sig: 7588.214084 7575.887602 -12.326482 24.652964 0.000004
noWIMP/withWIMP/diff/D/sig: 7029.039192 7026.011274 -3.027918 6.055836 0.048416
noWIMP/withWIMP/diff/D/sig: 7588.454120 7582.676666 -5.777453 11.554907 0.003097
noWIMP/withWIMP/diff/D/sig: 7612.900175 7604.357011 -8.543164 17.086329 0.000195
noWIMP/withWIMP/diff/D/sig: 6851.032172 6843.345768 -7.686404 15.372808 0.000459
noWIMP/withWIMP/diff/D/sig: 7519.692962 7511.159956 -8.533006 17.066012 0.000197
noWIMP/withWIMP/diff/D/sig: 7146.604673 7139.785028 -6.819645 13.639290 0.001092
noWIMP/withWIMP/diff/D/sig: 7664.861265 7656.741320 -8.119945 16.239890 0.000298
noWIMP/withWIMP/diff/D/sig: 7525.472479 7514.257761 -11.214719 22.429437 0.000013
noWIMP/withWIMP/diff/D/sig: 7430.370000 7421.978447 -8.391553 16.783106 0.000227
noWIMP/withWIMP/diff/D/sig: 7468.640900 7459.250816 -9.390084 18.780168 0.000084
noWIMP/withWIMP/diff/D/sig: 7638.395576 7630.452197 -7.943380 15.886759 0.000355
noWIMP/withWIMP/diff/D/sig: 7454.034446 7446.401761 -7.632685 15.265369 0.000484
noWIMP/withWIMP/diff/D/sig: 7494.222550 7482.705670 -11.516880 23.033759 0.000010
noWIMP/withWIMP/diff/D/sig: 7523.188337 7518.048741 -5.139596 10.279191 0.005860
noWIMP/withWIMP/diff/D/sig: 7503.653881 7496.622741 -7.031139 14.062279 0.000884
noWIMP/withWIMP/diff/D/sig: 6893.075378 6889.487056 -3.588322 7.176644 0.027645
noWIMP/withWIMP/diff/D/sig: 7363.453009 7354.580119 -8.872890 17.745780 0.000140
noWIMP/withWIMP/diff/D/sig: 7498.098686 7489.894991 -8.203695 16.407390 0.000274
noWIMP/withWIMP/diff/D/sig: 7524.452313 7514.007120 -10.445193 20.890386 0.000029
noWIMP/withWIMP/diff/D/sig: 7051.672722 7047.348412 -4.324311 8.648621 0.013243
noWIMP/withWIMP/diff/D/sig: 7035.864897 7033.754166 -2.110731 4.221463 0.121149
noWIMP/withWIMP/diff/D/sig: 7654.228051 7649.527012 -4.701039 9.402078 0.009086
noWIMP/withWIMP/diff/D/sig: 7555.731025 7550.178934 -5.552091 11.104183 0.003879
noWIMP/withWIMP/diff/D/sig: 7054.992359 7050.702425 -4.289934 8.579867 0.013706
noWIMP/withWIMP/diff/D/sig: 7246.697972 7238.326921 -8.371051 16.742102 0.000231
noWIMP/withWIMP/diff/D/sig: 7709.016242 7704.573046 -4.443196 8.886393 0.011758
noWIMP/withWIMP/diff/D/sig: 7500.347842 7493.355048 -6.992794 13.985587 0.000918
noWIMP/withWIMP/diff/D/sig: 7515.281150 7505.184662 -10.096487 20.192975 0.000041
noWIMP/withWIMP/diff/D/sig: 7469.835173 7464.271770 -5.563402 11.126805 0.003836
noWIMP/withWIMP/diff/D/sig: 7233.257889 7228.481518 -4.776371 9.552742 0.008427
noWIMP/withWIMP/diff/D/sig: 7553.264908 7547.627470 -5.637438 11.274876 0.003562
noWIMP/withWIMP/diff/D/sig: 7499.025224 7488.941513 -10.083711 20.167422 0.000042
noWIMP/withWIMP/diff/D/sig: 7690.984594 7680.335658 -10.648936 21.297873 0.000024
noWIMP/withWIMP/diff/D/sig: 7609.137308 7599.891516 -9.245792 18.491585 0.000097
noWIMP/withWIMP/diff/D/sig: 7536.199816 7526.927419 -9.272396 18.544792 0.000094
noWIMP/withWIMP/diff/D/sig: 7612.183607 7604.181874 -8.001734 16.003467 0.000335
noWIMP/withWIMP/diff/D/sig: 7720.522914 7715.696067 -4.826847 9.653694 0.008012
noWIMP/withWIMP/diff/D/sig: 7709.654128 7696.959852 -12.694276 25.388552 0.000003
noWIMP/withWIMP/diff/D/sig: 7209.094860 7205.880600 -3.214260 6.428519 0.040185
noWIMP/withWIMP/diff/D/sig: 7013.183007 7008.702331 -4.480676 8.961352 0.011326
noWIMP/withWIMP/diff/D/sig: 7419.319308 7411.572895 -7.746413 15.492826 0.000432
noWIMP/withWIMP/diff/D/sig: 6826.117877 6822.984708 -3.133169 6.266337 0.043579
noWIMP/withWIMP/diff/D/sig: 7553.025374 7542.708411 -10.316963 20.633926 0.000033
noWIMP/withWIMP/diff/D/sig: 7562.737794 7551.527185 -11.210609 22.421218 0.000014
noWIMP/withWIMP/diff/D/sig: 7086.246665 7082.591246 -3.655419 7.310837 0.025851
noWIMP/withWIMP/diff/D/sig: 7587.813164 7579.036727 -8.776437 17.552875 0.000154
noWIMP/withWIMP/diff/D/sig: 7723.174358 7713.619881 -9.554477 19.108954 0.000071
noWIMP/withWIMP/diff/D/sig: 7070.437506 7069.378086 -1.059420 2.118840 0.346657
noWIMP/withWIMP/diff/D/sig: 7736.026413 7730.352552 -5.673861 11.347721 0.003435
noWIMP/withWIMP/diff/D/sig: 7571.722164 7564.525121 -7.197043 14.394086 0.000749
noWIMP/withWIMP/diff/D/sig: 7508.962169 7500.426906 -8.535263 17.070525 0.000196
noWIMP/withWIMP/diff/D/sig: 7682.718000 7676.010508 -6.707492 13.414984 0.001222
noWIMP/withWIMP/diff/D/sig: 7476.516885 7468.510878 -8.006008 16.012015 0.000333
noWIMP/withWIMP/diff/D/sig: 7521.037654 7516.495559 -4.542095 9.084189 0.010651
noWIMP/withWIMP/diff/D/sig: 7585.285158 7577.314085 -7.971072 15.942144 0.000345
noWIMP/withWIMP/diff/D/sig: 7361.636210 7352.879975 -8.756235 17.512470 0.000157
noWIMP/withWIMP/diff/D/sig: 7581.437770 7575.281375 -6.156395 12.312791 0.002120
noWIMP/withWIMP/diff/D/sig: 7035.416544 7030.097125 -5.319418 10.638836 0.004896
noWIMP/withWIMP/diff/D/sig: 7563.678230 7554.136956 -9.541274 19.082549 0.000072
noWIMP/withWIMP/diff/D/sig: 7519.639937 7510.798498 -8.841439 17.682878 0.000145
noWIMP/withWIMP/diff/D/sig: 7714.409354 7708.361814 -6.047540 12.095080 0.002364
noWIMP/withWIMP/diff/D/sig: 7050.673125 7048.436022 -2.237102 4.474205 0.106767
noWIMP/withWIMP/diff/D/sig: 7400.222227 7391.644756 -8.577471 17.154941 0.000188
noWIMP/withWIMP/diff/D/sig: 7089.878063 7085.102614 -4.775449 9.550897 0.008434
noWIMP/withWIMP/diff/D/sig: 7571.211576 7564.918258 -6.293318 12.586636 0.001849
noWIMP/withWIMP/diff/D/sig: 6987.758776 6985.673474 -2.085302 4.170604 0.124270
noWIMP/withWIMP/diff/D/sig: 7685.640832 7675.491926 -10.148906 20.297812 0.000039
noWIMP/withWIMP/diff/D/sig: 7431.384992 7420.503487 -10.881505 21.763010 0.000019
noWIMP/withWIMP/diff/D/sig: 7336.747848 7330.688429 -6.059419 12.118837 0.002336
noWIMP/withWIMP/diff/D/sig: 7042.574407 7040.626010 -1.948397 3.896794 0.142502
noWIMP/withWIMP/diff/D/sig: 7628.233439 7618.239589 -9.993850 19.987700 0.000046
noWIMP/withWIMP/diff/D/sig: 7468.417740 7459.090827 -9.326913 18.653827 0.000089
noWIMP/withWIMP/diff/D/sig: 7075.805014 7070.011679 -5.793335 11.586670 0.003048
noWIMP/withWIMP/diff/D/sig: 7147.307929 7144.652630 -2.655300 5.310599 0.070278
noWIMP/withWIMP/diff/D/sig: 6857.039618 6855.750853 -1.288765 2.577529 0.275611
noWIMP/withWIMP/diff/D/sig: 7587.083113 7578.908211 -8.174902 16.349804 0.000282
noWIMP/withWIMP/diff/D/sig: 7676.913199 7671.404437 -5.508762 11.017524 0.004051
noWIMP/withWIMP/diff/D/sig: 7411.459861 7403.158867 -8.300994 16.601988 0.000248
noWIMP/withWIMP/diff/D/sig: 7553.272389 7542.024325 -11.248064 22.496129 0.000013
noWIMP/withWIMP/diff/D/sig: 7476.775038 7468.185266 -8.589772 17.179544 0.000186
noWIMP/withWIMP/diff/D/sig: 7586.468122 7581.056838 -5.411284 10.822567 0.004466
noWIMP/withWIMP/diff/D/sig: 6942.864370 6939.861957 -3.002413 6.004826 0.049667
noWIMP/withWIMP/diff/D/sig: 6990.534602 6986.719614 -3.814988 7.629975 0.022038
noWIMP/withWIMP/diff/D/sig: 7014.353201 7010.277909 -4.075292 8.150583 0.016987
noWIMP/withWIMP/diff/D/sig: 6982.171216 6978.295485 -3.875730 7.751461 0.020739
noWIMP/withWIMP/diff/D/sig: 7698.970618 7691.758289 -7.212329 14.424658 0.000737
noWIMP/withWIMP/diff/D/sig: 7417.294605 7410.133736 -7.160869 14.321738 0.000776
noWIMP/withWIMP/diff/D/sig: 6870.200915 6867.671043 -2.529872 5.059744 0.079669
noWIMP/withWIMP/diff/D/sig: 7548.389546 7538.891497 -9.498049 18.996098 0.000075
noWIMP/withWIMP/diff/D/sig: 7568.864131 7560.344713 -8.519419 17.038837 0.000200
noWIMP/withWIMP/diff/D/sig: 7523.885636 7520.163516 -3.722120 7.444239 0.024183
noWIMP/withWIMP/diff/D/sig: 6941.018656 6936.984213 -4.034443 8.068886 0.017696
noWIMP/withWIMP/diff/D/sig: 7534.795813 7525.791129 -9.004685 18.009370 0.000123
noWIMP/withWIMP/diff/D/sig: 7534.214161 7524.889868 -9.324293 18.648587 0.000089
noWIMP/withWIMP/diff/D/sig: 7474.450051 7468.197537 -6.252514 12.505028 0.001926
noWIMP/withWIMP/diff/D/sig: 7779.603913 7772.782914 -6.820999 13.641999 0.001091
noWIMP/withWIMP/diff/D/sig: 7435.296625 7427.738399 -7.558226 15.116453 0.000522
noWIMP/withWIMP/diff/D/sig: 7469.209402 7459.167898 -10.041504 20.083007 0.000044
noWIMP/withWIMP/diff/D/sig: 7496.967225 7491.922574 -5.044651 10.089302 0.006444
noWIMP/withWIMP/diff/D/sig: 7408.766833 7400.711276 -8.055557 16.111114 0.000317
noWIMP/withWIMP/diff/D/sig: 7620.265415 7614.468576 -5.796839 11.593679 0.003037
noWIMP/withWIMP/diff/D/sig: 7534.450926 7528.348299 -6.102627 12.205253 0.002237
noWIMP/withWIMP/diff/D/sig: 7656.739308 7649.884637 -6.854671 13.709342 0.001055
noWIMP/withWIMP/diff/D/sig: 7305.377466 7297.229458 -8.148008 16.296016 0.000289
noWIMP/withWIMP/diff/D/sig: 6981.534931 6978.943555 -2.591376 5.182752 0.074917
noWIMP/withWIMP/diff/D/sig: 7490.375995 7485.028670 -5.347325 10.694650 0.004761
noWIMP/withWIMP/diff/D/sig: 7484.797887 7475.859157 -8.938731 17.877461 0.000131
noWIMP/withWIMP/diff/D/sig: 7651.745211 7642.638656 -9.106554 18.213109 0.000111
noWIMP/withWIMP/diff/D/sig: 6975.233552 6973.735048 -1.498504 2.997008 0.223464
noWIMP/withWIMP/diff/D/sig: 7644.425772 7638.800020 -5.625753 11.251505 0.003604
noWIMP/withWIMP/diff/D/sig: 6963.121187 6959.516173 -3.605014 7.210028 0.027187
noWIMP/withWIMP/diff/D/sig: 7537.525557 7530.459272 -7.066286 14.132571 0.000853
noWIMP/withWIMP/diff/D/sig: 7069.634470 7065.525129 -4.109341 8.218683 0.016419
noWIMP/withWIMP/diff/D/sig: 7238.185467 7232.954440 -5.231026 10.462053 0.005348
noWIMP/withWIMP/diff/D/sig: 7485.629468 7476.953208 -8.676260 17.352519 0.000171
noWIMP/withWIMP/diff/D/sig: 7565.358644 7556.136747 -9.221897 18.443794 0.000099
noWIMP/withWIMP/diff/D/sig: 7468.502127 7459.623892 -8.878235 17.756470 0.000139
noWIMP/withWIMP/diff/D/sig: 7162.007281 7160.221501 -1.785779 3.571559 0.167666
noWIMP/withWIMP/diff/D/sig: 7250.976237 7241.427993 -9.548243 19.096487 0.000071
noWIMP/withWIMP/diff/D/sig: 7639.586861 7633.047197 -6.539664 13.079327 0.001445
noWIMP/withWIMP/diff/D/sig: 7262.282777 7253.937552 -8.345225 16.690450 0.000238
noWIMP/withWIMP/diff/D/sig: 7447.791515 7441.273344 -6.518171 13.036342 0.001476
noWIMP/withWIMP/diff/D/sig: 7552.836648 7547.216302 -5.620346 11.240693 0.003623
noWIMP/withWIMP/diff/D/sig: 7521.313945 7513.785166 -7.528779 15.057558 0.000537
noWIMP/withWIMP/diff/D/sig: 6820.771204 6817.385823 -3.385381 6.770762 0.033865
noWIMP/withWIMP/diff/D/sig: 7435.229013 7429.929933 -5.299080 10.598161 0.004996
noWIMP/withWIMP/diff/D/sig: 7401.430318 7391.044824 -10.385495 20.770990 0.000031
noWIMP/withWIMP/diff/D/sig: 7666.958503 7659.210238 -7.748265 15.496530 0.000431
noWIMP/withWIMP/diff/D/sig: 7452.353956 7446.036287 -6.317670 12.635339 0.001804
noWIMP/withWIMP/diff/D/sig: 7529.267658 7517.758278 -11.509380 23.018760 0.000010
noWIMP/withWIMP/diff/D/sig: 7657.870333 7649.995652 -7.874681 15.749361 0.000380
noWIMP/withWIMP/diff/D/sig: 7568.336858 7562.325827 -6.011031 12.022062 0.002452
noWIMP/withWIMP/diff/D/sig: 7631.000029 7622.258751 -8.741279 17.482557 0.000160
noWIMP/withWIMP/diff/D/sig: 7557.828896 7551.461714 -6.367182 12.734364 0.001717
noWIMP/withWIMP/diff/D/sig: 7168.021569 7163.810331 -4.211238 8.422477 0.014828
noWIMP/withWIMP/diff/D/sig: 6944.951029 6943.882503 -1.068526 2.137052 0.343515
noWIMP/withWIMP/diff/D/sig: 7162.846224 7158.112092 -4.734133 9.468265 0.008790
noWIMP/withWIMP/diff/D/sig: 7250.953592 7245.412484 -5.541107 11.082214 0.003922
noWIMP/withWIMP/diff/D/sig: 7560.652799 7550.470016 -10.182783 20.365567 0.000038
noWIMP/withWIMP/diff/D/sig: 7165.726909 7161.842071 -3.884838 7.769676 0.020551
noWIMP/withWIMP/diff/D/sig: 7515.320113 7507.636653 -7.683460 15.366921 0.000460
noWIMP/withWIMP/diff/D/sig: 7790.099331 7787.316294 -2.783037 5.566074 0.061850
noWIMP/withWIMP/diff/D/sig: 7484.304482 7479.369854 -4.934629 9.869257 0.007193
noWIMP/withWIMP/diff/D/sig: 7501.843734 7494.076629 -7.767105 15.534211 0.000423
noWIMP/withWIMP/diff/D/sig: 7432.985636 7426.674562 -6.311074 12.622148 0.001816
noWIMP/withWIMP/diff/D/sig: 7645.274988 7638.424893 -6.850094 13.700189 0.001059
noWIMP/withWIMP/diff/D/sig: 7642.781752 7637.209814 -5.571937 11.143875 0.003803
noWIMP/withWIMP/diff/D/sig: 7215.986070 7211.285126 -4.700945 9.401889 0.009087
noWIMP/withWIMP/diff/D/sig: 7558.353426 7553.321435 -5.031991 10.063982 0.006526
noWIMP/withWIMP/diff/D/sig: 7566.283926 7559.284936 -6.998990 13.997981 0.000913
noWIMP/withWIMP/diff/D/sig: 7425.774553 7416.415767 -9.358786 18.717571 0.000086
noWIMP/withWIMP/diff/D/sig: 7442.412317 7434.155134 -8.257183 16.514367 0.000259
noWIMP/withWIMP/diff/D/sig: 7624.594772 7617.431382 -7.163390 14.326780 0.000774
noWIMP/withWIMP/diff/D/sig: 7562.782276 7555.773644 -7.008632 14.017264 0.000904
noWIMP/withWIMP/diff/D/sig: 6995.911205 6989.659732 -6.251474 12.502948 0.001928
noWIMP/withWIMP/diff/D/sig: 7594.704311 7584.049491 -10.654819 21.309639 0.000024
noWIMP/withWIMP/diff/D/sig: 7586.862061 7578.933597 -7.928464 15.856928 0.000360
noWIMP/withWIMP/diff/D/sig: 7586.047018 7577.079165 -8.967853 17.935705 0.000127
noWIMP/withWIMP/diff/D/sig: 7591.246135 7585.933332 -5.312802 10.625605 0.004928
noWIMP/withWIMP/diff/D/sig: 7071.171306 7068.259778 -2.911528 5.823055 0.054393
noWIMP/withWIMP/diff/D/sig: 7643.646394 7636.773945 -6.872449 13.744897 0.001036
noWIMP/withWIMP/diff/D/sig: 7383.352713 7372.738785 -10.613928 21.227856 0.000025
noWIMP/withWIMP/diff/D/sig: 7479.627263 7473.268932 -6.358332 12.716663 0.001732
noWIMP/withWIMP/diff/D/sig: 7395.028068 7384.673207 -10.354860 20.709720 0.000032
noWIMP/withWIMP/diff/D/sig: 7721.193019 7712.668943 -8.524076 17.048153 0.000199
noWIMP/withWIMP/diff/D/sig: 7646.938708 7637.893482 -9.045226 18.090452 0.000118
noWIMP/withWIMP/diff/D/sig: 6950.053168 6948.402781 -1.650387 3.300773 0.191976
noWIMP/withWIMP/diff/D/sig: 7595.598793 7590.268764 -5.330029 10.660057 0.004844
noWIMP/withWIMP/diff/D/sig: 7619.776559 7614.576762 -5.199798 10.399595 0.005518
noWIMP/withWIMP/diff/D/sig: 7511.482791 7502.854298 -8.628493 17.256987 0.000179
noWIMP/withWIMP/diff/D/sig: 7116.166717 7110.802302 -5.364414 10.728829 0.004680
noWIMP/withWIMP/diff/D/sig: 7484.753806 7475.334684 -9.419123 18.838246 0.000081
noWIMP/withWIMP/diff/D/sig: 7486.729349 7482.659637 -4.069712 8.139423 0.017082
noWIMP/withWIMP/diff/D/sig: 7528.164082 7025.603213 -502.560868 1005.121736 0.000000
noWIMP/withWIMP/diff/D/sig: 7586.572880 7579.207500 -7.365380 14.730760 0.000633
noWIMP/withWIMP/diff/D/sig: 7720.462644 7713.998386 -6.464258 12.928516 0.001558
noWIMP/withWIMP/diff/D/sig: 7238.713844 7232.734549 -5.979295 11.958589 0.002531
noWIMP/withWIMP/diff/D/sig: 7621.158608 7615.037664 -6.120944 12.241888 0.002196
noWIMP/withWIMP/diff/D/sig: 7234.156751 7228.997823 -5.158929 10.317857 0.005748
noWIMP/withWIMP/diff/D/sig: 7504.796896 7496.567631 -8.229265 16.458531 0.000267
noWIMP/withWIMP/diff/D/sig: 7711.639376 7701.228098 -10.411279 20.822558 0.000030
noWIMP/withWIMP/diff/D/sig: 7611.637262 7602.633333 -9.003929 18.007858 0.000123
noWIMP/withWIMP/diff/D/sig: 7066.901163 7065.364362 -1.536801 3.073602 0.215068
noWIMP/withWIMP/diff/D/sig: 7108.475058 7104.044875 -4.430183 8.860367 0.011912
noWIMP/withWIMP/diff/D/sig: 7541.869541 7534.871470 -6.998071 13.996143 0.000914
noWIMP/withWIMP/diff/D/sig: 7613.591775 7607.442931 -6.148844 12.297687 0.002136
noWIMP/withWIMP/diff/D/sig: 7470.731519 7463.360567 -7.370952 14.741904 0.000629
noWIMP/withWIMP/diff/D/sig: 7576.888126 7568.840020 -8.048106 16.096212 0.000320
noWIMP/withWIMP/diff/D/sig: 7618.289503 7610.923129 -7.366374 14.732747 0.000632
noWIMP/withWIMP/diff/D/sig: 7728.598900 7721.273856 -7.325043 14.650087 0.000659
noWIMP/withWIMP/diff/D/sig: 7159.800940 7157.073057 -2.727883 5.455765 0.065358
noWIMP/withWIMP/diff/D/sig: 7000.070824 6997.150495 -2.920329 5.840657 0.053916
noWIMP/withWIMP/diff/D/sig: 7011.998249 7010.486118 -1.512131 3.024262 0.220440
noWIMP/withWIMP/diff/D/sig: 6884.531209 6880.272530 -4.258679 8.517358 0.014141
noWIMP/withWIMP/diff/D/sig: 7162.239987 7157.336383 -4.903604 9.807208 0.007420
noWIMP/withWIMP/diff/D/sig: 7561.759330 7557.260119 -4.499211 8.998421 0.011118
noWIMP/withWIMP/diff/D/sig: 7476.394928 7466.597230 -9.797698 19.595395 0.000056
noWIMP/withWIMP/diff/D/sig: 7425.051418 7421.443022 -3.608396 7.216791 0.027095
noWIMP/withWIMP/diff/D/sig: 7486.382660 7475.208169 -11.174491 22.348983 0.000014
noWIMP/withWIMP/diff/D/sig: 7671.626703 7666.056203 -5.570500 11.141000 0.003809
noWIMP/withWIMP/diff/D/sig: 7706.592932 7695.627872 -10.965060 21.930120 0.000017
noWIMP/withWIMP/diff/D/sig: 7136.285897 7132.362734 -3.923163 7.846326 0.019778
noWIMP/withWIMP/diff/D/sig: 7651.613949 7645.099409 -6.514540 13.029081 0.001482
noWIMP/withWIMP/diff/D/sig: 7490.886980 7484.011045 -6.875935 13.751869 0.001032
noWIMP/withWIMP/diff/D/sig: 7684.663897 7212.061742 -472.602155 945.204309 0.000000
noWIMP/withWIMP/diff/D/sig: 7643.191497 7636.555874 -6.635623 13.271246 0.001313
noWIMP/withWIMP/diff/D/sig: 7617.038511 7607.124992 -9.913520 19.827039 0.000050
noWIMP/withWIMP/diff/D/sig: 7021.340343 7015.252350 -6.087993 12.175986 0.002270
noWIMP/withWIMP/diff/D/sig: 7137.802301 7133.253831 -4.548470 9.096940 0.010583
noWIMP/withWIMP/diff/D/sig: 7091.105994 7088.878176 -2.227818 4.455635 0.107763
noWIMP/withWIMP/diff/D/sig: 7234.504506 7229.140901 -5.363604 10.727209 0.004684
noWIMP/withWIMP/diff/D/sig: 7610.941064 7606.264295 -4.676769 9.353539 0.009309
noWIMP/withWIMP/diff/D/sig: 7180.846901 7176.509237 -4.337664 8.675327 0.013067
noWIMP/withWIMP/diff/D/sig: 7658.865503 7649.076742 -9.788761 19.577521 0.000056
noWIMP/withWIMP/diff/D/sig: 7111.571390 7108.685023 -2.886367 5.772734 0.055778
noWIMP/withWIMP/diff/D/sig: 7421.384567 7412.399360 -8.985207 17.970415 0.000125
noWIMP/withWIMP/diff/D/sig: 7437.125625 7429.419783 -7.705842 15.411684 0.000450
noWIMP/withWIMP/diff/D/sig: 7145.811821 7141.287487 -4.524334 9.048669 0.010842
noWIMP/withWIMP/diff/D/sig: 7637.956458 7629.129848 -8.826609 17.653219 0.000147
noWIMP/withWIMP/diff/D/sig: 7504.088851 7494.954775 -9.134076 18.268152 0.000108
noWIMP/withWIMP/diff/D/sig: 7096.717693 7092.962676 -3.755017 7.510034 0.023400
noWIMP/withWIMP/diff/D/sig: 7003.397562 6997.793620 -5.603942 11.207885 0.003683
noWIMP/withWIMP/diff/D/sig: 7430.620520 7423.552415 -7.068105 14.136211 0.000852
noWIMP/withWIMP/diff/D/sig: 6903.840484 6902.170284 -1.670201 3.340401 0.188209
noWIMP/withWIMP/diff/D/sig: 7586.130883 7577.945980 -8.184904 16.369808 0.000279
noWIMP/withWIMP/diff/D/sig: 7420.036499 7418.472291 -1.564208 3.128416 0.209254
noWIMP/withWIMP/diff/D/sig: 7527.479889 7518.071016 -9.408872 18.817745 0.000082
noWIMP/withWIMP/diff/D/sig: 7088.197965 7083.345115 -4.852850 9.705700 0.007806
noWIMP/withWIMP/diff/D/sig: 7646.836909 7638.147960 -8.688949 17.377898 0.000168
noWIMP/withWIMP/diff/D/sig: 7095.754411 7094.162386 -1.592026 3.184051 0.203513
noWIMP/withWIMP/diff/D/sig: 7686.264535 7678.040661 -8.223873 16.447747 0.000268
noWIMP/withWIMP/diff/D/sig: 7644.144219 7636.568017 -7.576202 15.152404 0.000513
noWIMP/withWIMP/diff/D/sig: 7617.174867 7608.280473 -8.894394 17.788788 0.000137
noWIMP/withWIMP/diff/D/sig: 7404.391160 7398.935041 -5.456119 10.912238 0.004270
noWIMP/withWIMP/diff/D/sig: 7322.716335 7312.588710 -10.127626 20.255251 0.000040
noWIMP/withWIMP/diff/D/sig: 7190.843577 7186.929743 -3.913834 7.827668 0.019964
noWIMP/withWIMP/diff/D/sig: 7080.931396 7077.146080 -3.785316 7.570633 0.022702
noWIMP/withWIMP/diff/D/sig: 7528.964135 7521.108993 -7.855141 15.710283 0.000388
noWIMP/withWIMP/diff/D/sig: 7581.034841 7571.213242 -9.821599 19.643198 0.000054
noWIMP/withWIMP/diff/D/sig: 7433.435696 7424.242283 -9.193413 18.386826 0.000102
noWIMP/withWIMP/diff/D/sig: 7179.563040 7175.914663 -3.648377 7.296754 0.026033
noWIMP/withWIMP/diff/D/sig: 7149.323681 7146.367820 -2.955861 5.911721 0.052034
noWIMP/withWIMP/diff/D/sig: 7065.701085 7061.085675 -4.615410 9.230821 0.009898
noWIMP/withWIMP/diff/D/sig: 6994.711102 6990.811037 -3.900064 7.800128 0.020241
noWIMP/withWIMP/diff/D/sig: 7402.390052 7395.876108 -6.513944 13.027887 0.001483
noWIMP/withWIMP/diff/D/sig: 7540.592108 7533.855124 -6.736984 13.473968 0.001186
noWIMP/withWIMP/diff/D/sig: 7519.147011 7514.657742 -4.489269 8.978539 0.011229
noWIMP/withWIMP/diff/D/sig: 7537.427467 7528.434812 -8.992656 17.985312 0.000124
noWIMP/withWIMP/diff/D/sig: 7034.227229 7029.117479 -5.109750 10.219499 0.006038
noWIMP/withWIMP/diff/D/sig: 7572.029700 7566.590465 -5.439235 10.878471 0.004343
noWIMP/withWIMP/diff/D/sig: 7037.140101 7032.633361 -4.506740 9.013480 0.011034
noWIMP/withWIMP/diff/D/sig: 7599.120443 7590.820215 -8.300229 16.600457 0.000248
noWIMP/withWIMP/diff/D/sig: 7766.751225 7758.697571 -8.053653 16.107306 0.000318
noWIMP/withWIMP/diff/D/sig: 7440.154862 7434.027582 -6.127280 12.254560 0.002183
noWIMP/withWIMP/diff/D/sig: 7742.219482 7737.042444 -5.177038 10.354075 0.005645
noWIMP/withWIMP/diff/D/sig: 7583.116212 7572.659787 -10.456425 20.912849 0.000029
noWIMP/withWIMP/diff/D/sig: 7624.457446 7621.041538 -3.415908 6.831816 0.032847
noWIMP/withWIMP/diff/D/sig: 7039.333699 7034.580579 -4.753120 9.506240 0.008625
noWIMP/withWIMP/diff/D/sig: 7456.431995 7447.716874 -8.715121 17.430242 0.000164
noWIMP/withWIMP/diff/D/sig: 7500.216722 7492.268071 -7.948651 15.897302 0.000353
noWIMP/withWIMP/diff/D/sig: 7490.810936 7485.118765 -5.692171 11.384341 0.003372
noWIMP/withWIMP/diff/D/sig: 7589.348003 7583.545543 -5.802461 11.604921 0.003020
noWIMP/withWIMP/diff/D/sig: 7595.286183 7585.677133 -9.609050 19.218100 0.000067
noWIMP/withWIMP/diff/D/sig: 7501.747866 7494.906490 -6.841376 13.682752 0.001069
noWIMP/withWIMP/diff/D/sig: 7170.698086 7168.069499 -2.628587 5.257174 0.072180
noWIMP/withWIMP/diff/D/sig: 7580.195257 7572.561540 -7.633716 15.267432 0.000484
noWIMP/withWIMP/diff/D/sig: 7639.969214 7631.242688 -8.726526 17.453051 0.000162
noWIMP/withWIMP/diff/D/sig: 7112.659776 7108.229254 -4.430522 8.861044 0.011908
noWIMP/withWIMP/diff/D/sig: 7109.863589 7104.874949 -4.988640 9.977280 0.006815
noWIMP/withWIMP/diff/D/sig: 7584.819420 7578.723781 -6.095640 12.191279 0.002253
noWIMP/withWIMP/diff/D/sig: 7529.286576 7518.932819 -10.353757 20.707514 0.000032
noWIMP/withWIMP/diff/D/sig: 7664.667433 7658.387893 -6.279539 12.559079 0.001874
noWIMP/withWIMP/diff/D/sig: 7532.292820 7520.350707 -11.942113 23.884226 0.000007
noWIMP/withWIMP/diff/D/sig: 7486.494399 7479.110778 -7.383621 14.767242 0.000621
noWIMP/withWIMP/diff/D/sig: 7632.489598 7625.053318 -7.436280 14.872561 0.000589
noWIMP/withWIMP/diff/D/sig: 7420.658519 7413.648125 -7.010394 14.020788 0.000902
noWIMP/withWIMP/diff/D/sig: 7440.678103 7436.619985 -4.058118 8.116236 0.017282
noWIMP/withWIMP/diff/D/sig: 7171.155280 7166.742170 -4.413110 8.826221 0.012117
noWIMP/withWIMP/diff/D/sig: 7053.111570 7047.984546 -5.127024 10.254048 0.005934
noWIMP/withWIMP/diff/D/sig: 7519.129253 7511.246004 -7.883249 15.766498 0.000377
noWIMP/withWIMP/diff/D/sig: 7592.794163 7584.175293 -8.618870 17.237739 0.000181
noWIMP/withWIMP/diff/D/sig: 7306.013929 7303.965855 -2.048074 4.096149 0.128983
noWIMP/withWIMP/diff/D/sig: 7641.835438 7632.585590 -9.249847 18.499695 0.000096
noWIMP/withWIMP/diff/D/sig: 7479.673333 7470.607227 -9.066105 18.132210 0.000116
noWIMP/withWIMP/diff/D/sig: 6939.545202 6935.946247 -3.598955 7.197910 0.027352
noWIMP/withWIMP/diff/D/sig: 7626.225984 7618.923166 -7.302818 14.605635 0.000674
noWIMP/withWIMP/diff/D/sig: 7129.635232 7126.035195 -3.600037 7.200075 0.027323
noWIMP/withWIMP/diff/D/sig: 7476.039816 7465.101042 -10.938775 21.877549 0.000018
noWIMP/withWIMP/diff/D/sig: 7232.192509 7227.608135 -4.584374 9.168747 0.010210
noWIMP/withWIMP/diff/D/sig: 7020.124695 7017.110251 -3.014444 6.028889 0.049073
noWIMP/withWIMP/diff/D/sig: 7729.701542 7724.122572 -5.578970 11.157941 0.003776
noWIMP/withWIMP/diff/D/sig: 7566.141289 7559.126466 -7.014823 14.029645 0.000898
noWIMP/withWIMP/diff/D/sig: 7013.373919 7010.110031 -3.263887 6.527775 0.038239
noWIMP/withWIMP/diff/D/sig: 7640.930636 7632.106366 -8.824271 17.648542 0.000147
noWIMP/withWIMP/diff/D/sig: 7491.691046 7482.315732 -9.375315 18.750629 0.000085
noWIMP/withWIMP/diff/D/sig: 6961.902606 6959.843977 -2.058630 4.117259 0.127629
noWIMP/withWIMP/diff/D/sig: 7746.774275 7742.161798 -4.612477 9.224955 0.009927
noWIMP/withWIMP/diff/D/sig: 7090.965345 7085.917794 -5.047552 10.095104 0.006425
noWIMP/withWIMP/diff/D/sig: 7572.806055 7566.367672 -6.438384 12.876768 0.001599
noWIMP/withWIMP/diff/D/sig: 7117.020017 7113.548813 -3.471205 6.942409 0.031080
noWIMP/withWIMP/diff/D/sig: 7344.515492 7338.049046 -6.466445 12.932891 0.001555
noWIMP/withWIMP/diff/D/sig: 7463.212928 7454.196023 -9.016905 18.033810 0.000121
noWIMP/withWIMP/diff/D/sig: 7050.720015 7049.435046 -1.284969 2.569939 0.276659
noWIMP/withWIMP/diff/D/sig: 7847.241834 7841.437813 -5.804021 11.608042 0.003015
noWIMP/withWIMP/diff/D/sig: 7529.679379 7523.416067 -6.263312 12.526624 0.001905
noWIMP/withWIMP/diff/D/sig: 7158.323241 7155.789737 -2.533504 5.067008 0.079380
noWIMP/withWIMP/diff/D/sig: 7490.099825 7479.187363 -10.912461 21.824923 0.000018
noWIMP/withWIMP/diff/D/sig: 6984.363277 6980.570411 -3.792866 7.585732 0.022531
noWIMP/withWIMP/diff/D/sig: 7116.818088 7111.063889 -5.754200 11.508400 0.003169
noWIMP/withWIMP/diff/D/sig: 6967.017407 6962.712638 -4.304769 8.609537 0.013504
noWIMP/withWIMP/diff/D/sig: 7172.629818 7169.392262 -3.237555 6.475111 0.039260
noWIMP/withWIMP/diff/D/sig: 7210.847742 7207.052059 -3.795683 7.591366 0.022468
noWIMP/withWIMP/diff/D/sig: 7452.044077 7444.464076 -7.580001 15.160002 0.000511
noWIMP/withWIMP/diff/D/sig: 7651.010733 7643.591173 -7.419560 14.839120 0.000599
noWIMP/withWIMP/diff/D/sig: 7254.725071 7249.310919 -5.414152 10.828303 0.004453
noWIMP/withWIMP/diff/D/sig: 7241.245303 7239.274119 -1.971184 3.942367 0.139292
noWIMP/withWIMP/diff/D/sig: 7494.765671 7487.950384 -6.815287 13.630574 0.001097
noWIMP/withWIMP/diff/D/sig: 7590.867604 7583.882014 -6.985589 13.971179 0.000925
noWIMP/withWIMP/diff/D/sig: 7663.442465 7652.370042 -11.072423 22.144847 0.000016
noWIMP/withWIMP/diff/D/sig: 7206.511384 7203.327736 -3.183648 6.367297 0.041434
noWIMP/withWIMP/diff/D/sig: 6943.976417 6940.307514 -3.668903 7.337807 0.025504
noWIMP/withWIMP/diff/D/sig: 7584.246244 7576.027270 -8.218974 16.437948 0.000269
noWIMP/withWIMP/diff/D/sig: 7711.384126 7704.351034 -7.033092 14.066184 0.000882
noWIMP/withWIMP/diff/D/sig: 7490.379862 7484.337121 -6.042742 12.085484 0.002375
noWIMP/withWIMP/diff/D/sig: 7048.567281 7046.629639 -1.937641 3.875283 0.144043
noWIMP/withWIMP/diff/D/sig: 7520.248609 7516.569996 -3.678613 7.357226 0.025258
noWIMP/withWIMP/diff/D/sig: 6984.789877 6980.836692 -3.953186 7.906371 0.019193
noWIMP/withWIMP/diff/D/sig: 7509.114537 7502.343803 -6.770735 13.541469 0.001147
noWIMP/withWIMP/diff/D/sig: 7530.277004 7522.508645 -7.768358 15.536717 0.000423
noWIMP/withWIMP/diff/D/sig: 7446.057380 7433.265404 -12.791975 25.583951 0.000003
noWIMP/withWIMP/diff/D/sig: 7092.376793 7087.966078 -4.410716 8.821431 0.012146
noWIMP/withWIMP/diff/D/sig: 7633.965582 7624.404526 -9.561056 19.122113 0.000070
noWIMP/withWIMP/diff/D/sig: 7529.281184 7522.528487 -6.752697 13.505393 0.001168
noWIMP/withWIMP/diff/D/sig: 7098.716523 7095.900135 -2.816388 5.632776 0.059822
noWIMP/withWIMP/diff/D/sig: 7649.469467 7647.180718 -2.288750 4.577500 0.101393
noWIMP/withWIMP/diff/D/sig: 7109.553622 7107.401206 -2.152416 4.304832 0.116203
noWIMP/withWIMP/diff/D/sig: 7420.849261 7412.362429 -8.486832 16.973664 0.000206
noWIMP/withWIMP/diff/D/sig: 7528.087314 7525.353336 -2.733978 5.467955 0.064960
noWIMP/withWIMP/diff/D/sig: 7554.544286 7036.503589 -518.040697 1036.081395 0.000000
noWIMP/withWIMP/diff/D/sig: 7650.669730 7642.175601 -8.494129 16.988257 0.000205
noWIMP/withWIMP/diff/D/sig: 7574.333626 7566.958822 -7.374804 14.749608 0.000627
noWIMP/withWIMP/diff/D/sig: 6932.434568 6928.438878 -3.995690 7.991380 0.018395
noWIMP/withWIMP/diff/D/sig: 6978.746962 6975.760296 -2.986665 5.973331 0.050455
noWIMP/withWIMP/diff/D/sig: 7501.706669 7492.703496 -9.003173 18.006347 0.000123
noWIMP/withWIMP/diff/D/sig: 7146.109984 7140.475265 -5.634719 11.269438 0.003572
noWIMP/withWIMP/diff/D/sig: 7620.077669 7608.771617 -11.306052 22.612103 0.000012
noWIMP/withWIMP/diff/D/sig: 7582.027760 7575.653942 -6.373818 12.747636 0.001706
noWIMP/withWIMP/diff/D/sig: 7322.614901 7315.605797 -7.009104 14.018209 0.000904
noWIMP/withWIMP/diff/D/sig: 7527.986919 7519.775070 -8.211849 16.423697 0.000271
noWIMP/withWIMP/diff/D/sig: 7575.856594 7568.086802 -7.769791 15.539583 0.000422
noWIMP/withWIMP/diff/D/sig: 7306.863186 7297.195094 -9.668091 19.336183 0.000063
noWIMP/withWIMP/diff/D/sig: 7483.324961 7473.992172 -9.332790 18.665579 0.000088
noWIMP/withWIMP/diff/D/sig: 7671.617726 7663.355697 -8.262029 16.524057 0.000258
noWIMP/withWIMP/diff/D/sig: 7047.015021 7041.307329 -5.707692 11.415384 0.003320
noWIMP/withWIMP/diff/D/sig: 7806.267834 7798.120742 -8.147092 16.294183 0.000290
noWIMP/withWIMP/diff/D/sig: 7410.314426 7407.079678 -3.234748 6.469496 0.039370
noWIMP/withWIMP/diff/D/sig: 7670.445600 7659.621487 -10.824113 21.648227 0.000020
noWIMP/withWIMP/diff/D/sig: 7762.686342 7751.168517 -11.517824 23.035649 0.000010
noWIMP/withWIMP/diff/D/sig: 7025.315792 7021.669296 -3.646496 7.292992 0.026082
noWIMP/withWIMP/diff/D/sig: 7477.857704 7470.145658 -7.712045 15.424091 0.000447
noWIMP/withWIMP/diff/D/sig: 7760.152912 7749.330757 -10.822155 21.644310 0.000020
noWIMP/withWIMP/diff/D/sig: 7571.996945 7563.643136 -8.353809 16.707619 0.000235
noWIMP/withWIMP/diff/D/sig: 7740.080043 7735.107691 -4.972352 9.944704 0.006927
noWIMP/withWIMP/diff/D/sig: 7679.017981 7667.929471 -11.088510 22.177021 0.000015
noWIMP/withWIMP/diff/D/sig: 7544.243806 7534.061174 -10.182632 20.365264 0.000038
noWIMP/withWIMP/diff/D/sig: 7120.547720 7116.898013 -3.649707 7.299413 0.025999
noWIMP/withWIMP/diff/D/sig: 7611.309581 7603.454138 -7.855443 15.710887 0.000388
noWIMP/withWIMP/diff/D/sig: 7625.972899 7617.512015 -8.460884 16.921768 0.000212
noWIMP/withWIMP/diff/D/sig: 7507.716964 7500.530934 -7.186029 14.372059 0.000757
noWIMP/withWIMP/diff/D/sig: 7701.068062 7694.352597 -6.715465 13.430930 0.001212
noWIMP/withWIMP/diff/D/sig: 7397.207291 7386.656024 -10.551267 21.102534 0.000026
noWIMP/withWIMP/diff/D/sig: 7160.315103 7157.227681 -3.087422 6.174844 0.045619
noWIMP/withWIMP/diff/D/sig: 7618.590659 7605.610768 -12.979891 25.959782 0.000002
noWIMP/withWIMP/diff/D/sig: 7374.190314 7365.191252 -8.999062 17.998124 0.000124
noWIMP/withWIMP/diff/D/sig: 7450.075756 7439.814530 -10.261226 20.522451 0.000035
noWIMP/withWIMP/diff/D/sig: 7625.920906 7620.278911 -5.641995 11.283990 0.003546
noWIMP/withWIMP/diff/D/sig: 7506.741148 7493.826882 -12.914266 25.828532 0.000002
noWIMP/withWIMP/diff/D/sig: 7103.796521 7098.937055 -4.859466 9.718932 0.007755
noWIMP/withWIMP/diff/D/sig: 7232.569411 7228.597094 -3.972317 7.944634 0.018830
noWIMP/withWIMP/diff/D/sig: 7607.840638 7598.613156 -9.227482 18.454964 0.000098
noWIMP/withWIMP/diff/D/sig: 7688.400961 7680.779881 -7.621080 15.242161 0.000490
noWIMP/withWIMP/diff/D/sig: 7130.500837 7125.822801 -4.678036 9.356072 0.009297
noWIMP/withWIMP/diff/D/sig: 7637.741793 7627.791517 -9.950276 19.900552 0.000048
noWIMP/withWIMP/diff/D/sig: 7354.450490 7348.519113 -5.931377 11.862754 0.002655
noWIMP/withWIMP/diff/D/sig: 7823.704336 7814.734655 -8.969682 17.939363 0.000127
noWIMP/withWIMP/diff/D/sig: 7500.253077 7490.457338 -9.795738 19.591477 0.000056
noWIMP/withWIMP/diff/D/sig: 7616.472878 7609.779407 -6.693471 13.386941 0.001239
noWIMP/withWIMP/diff/D/sig: 7550.290607 7543.348053 -6.942554 13.885109 0.000966
noWIMP/withWIMP/diff/D/sig: 7525.564259 7517.964104 -7.600155 15.200311 0.000500
noWIMP/withWIMP/diff/D/sig: 7595.014416 7586.469044 -8.545372 17.090744 0.000194
noWIMP/withWIMP/diff/D/sig: 7438.931276 7431.226201 -7.705076 15.410151 0.000451
noWIMP/withWIMP/diff/D/sig: 7411.142989 7403.459999 -7.682990 15.365979 0.000461
noWIMP/withWIMP/diff/D/sig: 6934.719554 6929.825296 -4.894257 9.788515 0.007489
noWIMP/withWIMP/diff/D/sig: 7634.693398 7628.991331 -5.702067 11.404134 0.003339
noWIMP/withWIMP/diff/D/sig: 7551.550374 7545.365350 -6.185025 12.370050 0.002060
noWIMP/withWIMP/diff/D/sig: 7438.670743 7434.970580 -3.700164 7.400328 0.024719
noWIMP/withWIMP/diff/D/sig: 7601.425285 7595.929771 -5.495513 10.991027 0.004105
noWIMP/withWIMP/diff/D/sig: 7588.283306 7580.273786 -8.009520 16.019039 0.000332
noWIMP/withWIMP/diff/D/sig: 7455.815622 7448.002143 -7.813478 15.626957 0.000404
noWIMP/withWIMP/diff/D/sig: 7488.042604 7480.484618 -7.557986 15.115971 0.000522
noWIMP/withWIMP/diff/D/sig: 7675.480801 7667.582832 -7.897970 15.795940 0.000371
noWIMP/withWIMP/diff/D/sig: 6902.978163 6897.101336 -5.876827 11.753654 0.002804
noWIMP/withWIMP/diff/D/sig: 7247.072682 7243.195844 -3.876838 7.753676 0.020716
noWIMP/withWIMP/diff/D/sig: 7567.625272 7559.089784 -8.535488 17.070976 0.000196
noWIMP/withWIMP/diff/D/sig: 7540.503596 7534.497266 -6.006330 12.012660 0.002463
noWIMP/withWIMP/diff/D/sig: 7576.896650 7569.655770 -7.240880 14.481760 0.000717
noWIMP/withWIMP/diff/D/sig: 7623.420400 7611.925741 -11.494659 22.989318 0.000010
noWIMP/withWIMP/diff/D/sig: 6958.022687 6953.300049 -4.722638 9.445276 0.008892
noWIMP/withWIMP/diff/D/sig: 7597.289561 7589.699594 -7.589967 15.179934 0.000505
noWIMP/withWIMP/diff/D/sig: 7661.096845 7657.068506 -4.028339 8.056678 0.017804
noWIMP/withWIMP/diff/D/sig: 7087.461356 7083.560931 -3.900425 7.800850 0.020233
noWIMP/withWIMP/diff/D/sig: 7713.105911 7704.343221 -8.762690 17.525380 0.000156
noWIMP/withWIMP/diff/D/sig: 7627.830987 7623.540486 -4.290501 8.581002 0.013698
noWIMP/withWIMP/diff/D/sig: 7658.707814 7651.156047 -7.551767 15.103533 0.000525
noWIMP/withWIMP/diff/D/sig: 7695.512618 7688.657578 -6.855041 13.710081 0.001054
noWIMP/withWIMP/diff/D/sig: 7696.255115 7688.270067 -7.985049 15.970097 0.000341
noWIMP/withWIMP/diff/D/sig: 7459.541720 7450.316291 -9.225429 18.450857 0.000099
noWIMP/withWIMP/diff/D/sig: 7766.056959 7760.234301 -5.822658 11.645316 0.002960
noWIMP/withWIMP/diff/D/sig: 7865.235884 7856.354679 -8.881205 17.762410 0.000139
noWIMP/withWIMP/diff/D/sig: 7473.156496 7465.264813 -7.891682 15.783364 0.000374
noWIMP/withWIMP/diff/D/sig: 7437.196558 7429.265728 -7.930830 15.861661 0.000359
noWIMP/withWIMP/diff/D/sig: 7055.220318 7050.479729 -4.740589 9.481177 0.008734
noWIMP/withWIMP/diff/D/sig: 7511.578488 7502.054802 -9.523686 19.047371 0.000073
noWIMP/withWIMP/diff/D/sig: 7021.098273 7016.495370 -4.602903 9.205806 0.010023
noWIMP/withWIMP/diff/D/sig: 7144.263271 7140.710018 -3.553253 7.106505 0.028631
noWIMP/withWIMP/diff/D/sig: 7223.541002 7218.072804 -5.468198 10.936396 0.004219
noWIMP/withWIMP/diff/D/sig: 7559.550025 7553.491116 -6.058909 12.117817 0.002337
noWIMP/withWIMP/diff/D/sig: 7734.663288 7724.365432 -10.297856 20.595712 0.000034
noWIMP/withWIMP/diff/D/sig: 7081.973658 7076.636411 -5.337247 10.674493 0.004809
noWIMP/withWIMP/diff/D/sig: 7387.687190 7381.214488 -6.472703 12.945406 0.001545
noWIMP/withWIMP/diff/D/sig: 7217.732968 7213.671403 -4.061565 8.123130 0.017222
noWIMP/withWIMP/diff/D/sig: 7203.570588 7201.009861 -2.560727 5.121453 0.077249
noWIMP/withWIMP/diff/D/sig: 7456.003364 7448.697583 -7.305782 14.611563 0.000672
noWIMP/withWIMP/diff/D/sig: 7293.846582 7290.710494 -3.136089 6.272177 0.043452
noWIMP/withWIMP/diff/D/sig: 7726.835354 7721.372926 -5.462428 10.924856 0.004243
noWIMP/withWIMP/diff/D/sig: 7611.334701 7598.687633 -12.647068 25.294136 0.000003
noWIMP/withWIMP/diff/D/sig: 7699.346648 7691.602219 -7.744430 15.488859 0.000433
noWIMP/withWIMP/diff/D/sig: 7578.336310 7567.175086 -11.161225 22.322449 0.000014
noWIMP/withWIMP/diff/D/sig: 7435.381002 7430.690451 -4.690550 9.381101 0.009182
noWIMP/withWIMP/diff/D/sig: 7124.121431 7119.389575 -4.731856 9.463711 0.008810
noWIMP/withWIMP/diff/D/sig: 7524.059119 7518.986149 -5.072970 10.145939 0.006264
noWIMP/withWIMP/diff/D/sig: 7598.212747 7591.712257 -6.500490 13.000980 0.001503
noWIMP/withWIMP/diff/D/sig: 7568.002533 7562.803457 -5.199076 10.398153 0.005522
noWIMP/withWIMP/diff/D/sig: 7492.646558 7482.438289 -10.208269 20.416538 0.000037
noWIMP/withWIMP/diff/D/sig: 7435.259115 7428.855344 -6.403770 12.807541 0.001655
noWIMP/withWIMP/diff/D/sig: 7520.378354 7511.846970 -8.531383 17.062767 0.000197
noWIMP/withWIMP/diff/D/sig: 7084.109368 7079.743662 -4.365707 8.731413 0.012706
noWIMP/withWIMP/diff/D/sig: 7425.323556 7415.690610 -9.632946 19.265893 0.000066
noWIMP/withWIMP/diff/D/sig: 6991.056197 6987.154366 -3.901831 7.803662 0.020205
noWIMP/withWIMP/diff/D/sig: 7669.547474 7660.636808 -8.910666 17.821332 0.000135
noWIMP/withWIMP/diff/D/sig: 7426.403241 7418.294975 -8.108266 16.216532 0.000301
noWIMP/withWIMP/diff/D/sig: 7454.699200 7449.049673 -5.649527 11.299055 0.003519
noWIMP/withWIMP/diff/D/sig: 7574.320285 7565.274486 -9.045800 18.091600 0.000118
noWIMP/withWIMP/diff/D/sig: 6934.581157 6929.499735 -5.081422 10.162845 0.006211
noWIMP/withWIMP/diff/D/sig: 7142.692290 7137.921172 -4.771118 9.542236 0.008471
noWIMP/withWIMP/diff/D/sig: 6957.404623 6953.556481 -3.848142 7.696284 0.021319
noWIMP/withWIMP/diff/D/sig: 7699.867267 7693.726396 -6.140871 12.281742 0.002153
noWIMP/withWIMP/diff/D/sig: 7143.714622 7141.378347 -2.336275 4.672550 0.096687
noWIMP/withWIMP/diff/D/sig: 7526.585714 7517.713620 -8.872095 17.744189 0.000140
noWIMP/withWIMP/diff/D/sig: 7501.169178 7493.223316 -7.945862 15.891724 0.000354
noWIMP/withWIMP/diff/D/sig: 7772.234074 7764.993161 -7.240912 14.481825 0.000717
noWIMP/withWIMP/diff/D/sig: 7745.956589 7737.312724 -8.643865 17.287730 0.000176
noWIMP/withWIMP/diff/D/sig: 7616.761321 7606.566491 -10.194830 20.389660 0.000037
noWIMP/withWIMP/diff/D/sig: 7313.456402 7305.694164 -7.762237 15.524475 0.000426
noWIMP/withWIMP/diff/D/sig: 7530.536460 7523.388762 -7.147698 14.295395 0.000787
noWIMP/withWIMP/diff/D/sig: 7412.417580 7407.432558 -4.985022 9.970043 0.006840
noWIMP/withWIMP/diff/D/sig: 7650.865022 7645.929520 -4.935502 9.871003 0.007187
noWIMP/withWIMP/diff/D/sig: 7115.950243 7108.827216 -7.123027 14.246053 0.000806
noWIMP/withWIMP/diff/D/sig: 7444.767517 7439.891273 -4.876244 9.752488 0.007626
noWIMP/withWIMP/diff/D/sig: 7623.080852 7618.268057 -4.812795 9.625591 0.008125
noWIMP/withWIMP/diff/D/sig: 7524.401261 7516.563504 -7.837757 15.675514 0.000395
noWIMP/withWIMP/diff/D/sig: 7623.365225 7617.775512 -5.589713 11.179426 0.003736
noWIMP/withWIMP/diff/D/sig: 7641.103879 7633.918330 -7.185549 14.371097 0.000757
noWIMP/withWIMP/diff/D/sig: 6973.448946 6969.300351 -4.148595 8.297189 0.015787
noWIMP/withWIMP/diff/D/sig: 7563.865420 7553.052400 -10.813019 21.626039 0.000020
noWIMP/withWIMP/diff/D/sig: 7100.680987 7098.210124 -2.470864 4.941727 0.084512
noWIMP/withWIMP/diff/D/sig: 7030.768656 7025.346547 -5.422109 10.844217 0.004418
noWIMP/withWIMP/diff/D/sig: 7032.606092 7029.883920 -2.722172 5.444344 0.065732
noWIMP/withWIMP/diff/D/sig: 7535.076606 7527.548895 -7.527711 15.055422 0.000538
noWIMP/withWIMP/diff/D/sig: 7768.281346 7759.273615 -9.007731 18.015462 0.000122
noWIMP/withWIMP/diff/D/sig: 7753.851035 7747.997318 -5.853716 11.707432 0.002869
noWIMP/withWIMP/diff/D/sig: 7664.579521 7654.755328 -9.824193 19.648387 0.000054
noWIMP/withWIMP/diff/D/sig: 7613.930205 7607.300631 -6.629574 13.259149 0.001321
noWIMP/withWIMP/diff/D/sig: 7544.872259 7539.289954 -5.582305 11.164611 0.003764
noWIMP/withWIMP/diff/D/sig: 7207.840700 7203.664834 -4.175866 8.351731 0.015362
noWIMP/withWIMP/diff/D/sig: 7686.242673 7677.639571 -8.603102 17.206205 0.000184
noWIMP/withWIMP/diff/D/sig: 7567.091462 7560.543292 -6.548170 13.096340 0.001433
noWIMP/withWIMP/diff/D/sig: 7518.300987 7509.675435 -8.625552 17.251104 0.000179
noWIMP/withWIMP/diff/D/sig: 7484.383823 7474.989078 -9.394745 18.789489 0.000083
noWIMP/withWIMP/diff/D/sig: 7441.817098 7432.660938 -9.156160 18.312319 0.000106
noWIMP/withWIMP/diff/D/sig: 7443.847661 7438.108022 -5.739639 11.479278 0.003216
noWIMP/withWIMP/diff/D/sig: 7560.964664 7552.563403 -8.401261 16.802523 0.000225
noWIMP/withWIMP/diff/D/sig: 7560.787807 7552.001306 -8.786501 17.573001 0.000153
noWIMP/withWIMP/diff/D/sig: 7616.182674 7608.191306 -7.991367 15.982735 0.000338
noWIMP/withWIMP/diff/D/sig: 7398.678227 7390.448223 -8.230004 16.460009 0.000267
noWIMP/withWIMP/diff/D/sig: 7616.079115 7609.992093 -6.087022 12.174045 0.002272
noWIMP/withWIMP/diff/D/sig: 7025.038606 7020.362594 -4.676013 9.352025 0.009316
noWIMP/withWIMP/diff/D/sig: 7680.069875 7672.742818 -7.327057 14.654114 0.000658
noWIMP/withWIMP/diff/D/sig: 7096.017868 7093.265720 -2.752148 5.504296 0.063791
noWIMP/withWIMP/diff/D/sig: 7518.778567 7510.601241 -8.177326 16.354652 0.000281
noWIMP/withWIMP/diff/D/sig: 7146.790760 7142.934837 -3.855923 7.711845 0.021154
noWIMP/withWIMP/diff/D/sig: 7095.870991 7091.509806 -4.361185 8.722371 0.012763
noWIMP/withWIMP/diff/D/sig: 7131.062043 7125.846026 -5.216017 10.432034 0.005429
noWIMP/withWIMP/diff/D/sig: 7453.526640 7442.231476 -11.295164 22.590327 0.000012
noWIMP/withWIMP/diff/D/sig: 7436.258892 7426.108562 -10.150330 20.300660 0.000039
noWIMP/withWIMP/diff/D/sig: 7521.067126 7515.854087 -5.213040 10.426079 0.005445
noWIMP/withWIMP/diff/D/sig: 7569.611901 7563.891092 -5.720808 11.441616 0.003277
noWIMP/withWIMP/diff/D/sig: 7659.978462 7649.614608 -10.363854 20.727708 0.000032
noWIMP/withWIMP/diff/D/sig: 7557.225312 7547.971999 -9.253313 18.506626 0.000096
noWIMP/withWIMP/diff/D/sig: 7061.692260 7057.854606 -3.837655 7.675309 0.021544
noWIMP/withWIMP/diff/D/sig: 7572.102710 7564.585925 -7.516784 15.033568 0.000544
noWIMP/withWIMP/diff/D/sig: 7578.570311 7571.340644 -7.229667 14.459335 0.000725
noWIMP/withWIMP/diff/D/sig: 7558.008773 7551.273557 -6.735216 13.470432 0.001188
noWIMP/withWIMP/diff/D/sig: 7446.906418 7439.587699 -7.318719 14.637439 0.000663
noWIMP/withWIMP/diff/D/sig: 6941.894084 6937.602019 -4.292065 8.584129 0.013677
noWIMP/withWIMP/diff/D/sig: 7173.843089 7169.471899 -4.371190 8.742379 0.012636
noWIMP/withWIMP/diff/D/sig: 7640.688786 7632.579002 -8.109784 16.219567 0.000301
noWIMP/withWIMP/diff/D/sig: 7638.170893 7630.187658 -7.983235 15.966470 0.000341
noWIMP/withWIMP/diff/D/sig: 7642.551533 7636.382251 -6.169282 12.338564 0.002093
noWIMP/withWIMP/diff/D/sig: 7416.872014 7408.242621 -8.629393 17.258786 0.000179
noWIMP/withWIMP/diff/D/sig: 7571.526765 7566.241070 -5.285695 10.571389 0.005064
noWIMP/withWIMP/diff/D/sig: 7268.256202 7265.259999 -2.996203 5.992406 0.049976
noWIMP/withWIMP/diff/D/sig: 7539.956514 7532.329486 -7.627028 15.254056 0.000487
noWIMP/withWIMP/diff/D/sig: 7622.980899 7613.872669 -9.108230 18.216461 0.000111
noWIMP/withWIMP/diff/D/sig: 7168.034910 7163.551683 -4.483226 8.966453 0.011297
noWIMP/withWIMP/diff/D/sig: 7501.844488 7496.308926 -5.535563 11.071125 0.003944
noWIMP/withWIMP/diff/D/sig: 7481.549307 7472.124873 -9.424434 18.848868 0.000081
noWIMP/withWIMP/diff/D/sig: 7129.082502 7124.682778 -4.399724 8.799449 0.012281
noWIMP/withWIMP/diff/D/sig: 7560.861862 7550.737077 -10.124785 20.249571 0.000040
noWIMP/withWIMP/diff/D/sig: 7426.992971 7420.646977 -6.345994 12.691988 0.001754
noWIMP/withWIMP/diff/D/sig: 7698.466702 7692.867347 -5.599356 11.198711 0.003700
noWIMP/withWIMP/diff/D/sig: 7454.797887 7445.914274 -8.883613 17.767226 0.000139
noWIMP/withWIMP/diff/D/sig: 7521.866743 7515.683195 -6.183548 12.367095 0.002063
noWIMP/withWIMP/diff/D/sig: 7005.659810 7000.003700 -5.656110 11.312221 0.003496
noWIMP/withWIMP/diff/D/sig: 7167.800147 7162.521348 -5.278799 10.557598 0.005099
noWIMP/withWIMP/diff/D/sig: 7645.215737 7636.427070 -8.788667 17.577334 0.000152
noWIMP/withWIMP/diff/D/sig: 7717.838561 7713.275020 -4.563542 9.127083 0.010425
noWIMP/withWIMP/diff/D/sig: 7715.876913 7709.058466 -6.818447 13.636893 0.001093
noWIMP/withWIMP/diff/D/sig: 7066.503236 7062.063885 -4.439350 8.878701 0.011804
noWIMP/withWIMP/diff/D/sig: 7020.855440 7017.325545 -3.529895 7.059790 0.029308
noWIMP/withWIMP/diff/D/sig: 7065.141362 7063.087975 -2.053387 4.106774 0.128300
noWIMP/withWIMP/diff/D/sig: 7496.781220 7489.810954 -6.970266 13.940532 0.000939
noWIMP/withWIMP/diff/D/sig: 6896.540776 6893.375745 -3.165031 6.330062 0.042213
noWIMP/withWIMP/diff/D/sig: 7377.763696 7367.755528 -10.008168 20.016337 0.000045
noWIMP/withWIMP/diff/D/sig: 7075.131880 7071.868444 -3.263436 6.526872 0.038257
noWIMP/withWIMP/diff/D/sig: 7466.647517 7454.213677 -12.433839 24.867679 0.000004
noWIMP/withWIMP/diff/D/sig: 7559.497562 7552.500224 -6.997338 13.994675 0.000914
noWIMP/withWIMP/diff/D/sig: 7654.618965 7645.692831 -8.926134 17.852268 0.000133
noWIMP/withWIMP/diff/D/sig: 7657.249633 7648.171397 -9.078236 18.156473 0.000114
noWIMP/withWIMP/diff/D/sig: 7382.324876 7376.245295 -6.079581 12.159162 0.002289
noWIMP/withWIMP/diff/D/sig: 7562.140859 7555.960774 -6.180084 12.360168 0.002070
noWIMP/withWIMP/diff/D/sig: 7162.715355 7162.386502 -0.328852 0.657705 0.719749
noWIMP/withWIMP/diff/D/sig: 7507.983876 7498.870386 -9.113490 18.226980 0.000110
noWIMP/withWIMP/diff/D/sig: 7654.643796 7648.304364 -6.339432 12.678864 0.001765
noWIMP/withWIMP/diff/D/sig: 7246.342051 7243.467037 -2.875015 5.750030 0.056415
noWIMP/withWIMP/diff/D/sig: 7235.002821 7229.407823 -5.594998 11.189995 0.003716
noWIMP/withWIMP/diff/D/sig: 7552.968920 7545.060605 -7.908314 15.816629 0.000368
noWIMP/withWIMP/diff/D/sig: 7583.785241 7576.332999 -7.452242 14.904484 0.000580
noWIMP/withWIMP/diff/D/sig: 7673.363016 7662.326236 -11.036781 22.073561 0.000016
noWIMP/withWIMP/diff/D/sig: 7650.040369 7644.233745 -5.806624 11.613248 0.003008
noWIMP/withWIMP/diff/D/sig: 7620.782863 7612.557240 -8.225623 16.451246 0.000268
noWIMP/withWIMP/diff/D/sig: 7530.022989 7525.043920 -4.979069 9.958139 0.006880
noWIMP/withWIMP/diff/D/sig: 7673.069677 7663.893879 -9.175798 18.351596 0.000104
noWIMP/withWIMP/diff/D/sig: 7022.292101 7019.753198 -2.538903 5.077806 0.078953
noWIMP/withWIMP/diff/D/sig: 7561.622367 7555.068143 -6.554224 13.108448 0.001424
noWIMP/withWIMP/diff/D/sig: 7043.072028 7039.582612 -3.489416 6.978832 0.030519
noWIMP/withWIMP/diff/D/sig: 7539.546093 7531.314927 -8.231166 16.462332 0.000266
noWIMP/withWIMP/diff/D/sig: 7534.026880 7529.271879 -4.755001 9.510003 0.008609
noWIMP/withWIMP/diff/D/sig: 7623.622761 7618.997791 -4.624969 9.249939 0.009804
noWIMP/withWIMP/diff/D/sig: 7606.594775 7597.965789 -8.628986 17.257973 0.000179
noWIMP/withWIMP/diff/D/sig: 7650.527572 7639.402639 -11.124933 22.249866 0.000015
noWIMP/withWIMP/diff/D/sig: 7556.724051 7547.222746 -9.501304 19.002609 0.000075
noWIMP/withWIMP/diff/D/sig: 7094.267009 7090.330130 -3.936879 7.873758 0.019509
noWIMP/withWIMP/diff/D/sig: 7654.306354 7645.738625 -8.567728 17.135457 0.000190
noWIMP/withWIMP/diff/D/sig: 7493.521705 7485.505651 -8.016054 16.032107 0.000330
noWIMP/withWIMP/diff/D/sig: 7530.695961 7520.896203 -9.799758 19.599516 0.000055
noWIMP/withWIMP/diff/D/sig: 7162.060845 7156.552923 -5.507922 11.015844 0.004055
noWIMP/withWIMP/diff/D/sig: 7128.225199 7125.997335 -2.227864 4.455728 0.107758
noWIMP/withWIMP/diff/D/sig: 7539.090597 7531.731113 -7.359484 14.718967 0.000637
noWIMP/withWIMP/diff/D/sig: 7625.293572 7617.428002 -7.865569 15.731139 0.000384
noWIMP/withWIMP/diff/D/sig: 7415.536523 7408.232705 -7.303818 14.607636 0.000673
noWIMP/withWIMP/diff/D/sig: 7116.171800 7112.007650 -4.164151 8.328301 0.015543
noWIMP/withWIMP/diff/D/sig: 7541.027169 7532.274710 -8.752459 17.504919 0.000158
noWIMP/withWIMP/diff/D/sig: 7710.667602 7704.523730 -6.143872 12.287745 0.002147
noWIMP/withWIMP/diff/D/sig: 7155.819209 7153.029943 -2.789266 5.578533 0.061466
noWIMP/withWIMP/diff/D/sig: 7423.921458 7418.465254 -5.456205 10.912409 0.004270
noWIMP/withWIMP/diff/D/sig: 7457.062980 7446.043372 -11.019607 22.039215 0.000016
noWIMP/withWIMP/diff/D/sig: 7652.380133 7641.421471 -10.958663 21.917326 0.000017
noWIMP/withWIMP/diff/D/sig: 7679.158373 7671.551944 -7.606430 15.212859 0.000497
noWIMP/withWIMP/diff/D/sig: 7676.938855 7665.241799 -11.697055 23.394111 0.000008
noWIMP/withWIMP/diff/D/sig: 7509.565231 7501.383580 -8.181651 16.363301 0.000280
noWIMP/withWIMP/diff/D/sig: 7673.582588 7660.167566 -13.415022 26.830044 0.000001
noWIMP/withWIMP/diff/D/sig: 7599.564978 7589.332235 -10.232743 20.465485 0.000036
noWIMP/withWIMP/diff/D/sig: 7656.007849 7648.073672 -7.934177 15.868355 0.000358
noWIMP/withWIMP/diff/D/sig: 7571.098197 7562.747001 -8.351196 16.702392 0.000236
noWIMP/withWIMP/diff/D/sig: 7101.682136 7098.420435 -3.261701 6.523403 0.038323
noWIMP/withWIMP/diff/D/sig: 7722.505710 7719.993630 -2.512079 5.024158 0.081099
noWIMP/withWIMP/diff/D/sig: 7632.996489 7623.332786 -9.663703 19.327406 0.000064
noWIMP/withWIMP/diff/D/sig: 7013.300737 7008.990435 -4.310302 8.620605 0.013429
noWIMP/withWIMP/diff/D/sig: 7469.920694 7464.529177 -5.391517 10.783034 0.004555
noWIMP/withWIMP/diff/D/sig: 7597.688075 7590.196525 -7.491550 14.983101 0.000558
noWIMP/withWIMP/diff/D/sig: 7228.492525 7226.216250 -2.276275 4.552549 0.102666
noWIMP/withWIMP/diff/D/sig: 7795.296143 7791.503101 -3.793042 7.586083 0.022527
noWIMP/withWIMP/diff/D/sig: 7136.552635 7132.461949 -4.090685 8.181370 0.016728
noWIMP/withWIMP/diff/D/sig: 7025.351470 7021.341860 -4.009610 8.019220 0.018140
noWIMP/withWIMP/diff/D/sig: 6900.056154 6897.563692 -2.492462 4.984924 0.082706
noWIMP/withWIMP/diff/D/sig: 7192.308990 7188.398764 -3.910226 7.820452 0.020036
noWIMP/withWIMP/diff/D/sig: 7215.755054 7212.565187 -3.189867 6.379734 0.041177
noWIMP/withWIMP/diff/D/sig: 7639.267942 7632.798629 -6.469313 12.938626 0.001550
noWIMP/withWIMP/diff/D/sig: 7743.346733 7736.267479 -7.079254 14.158509 0.000842
noWIMP/withWIMP/diff/D/sig: 7678.600402 7671.759553 -6.840849 13.681699 0.001069
noWIMP/withWIMP/diff/D/sig: 7735.819136 7725.984930 -9.834206 19.668412 0.000054
noWIMP/withWIMP/diff/D/sig: 7659.094305 7651.339273 -7.755032 15.510063 0.000429
noWIMP/withWIMP/diff/D/sig: 7578.143858 7570.737085 -7.406773 14.813546 0.000607
noWIMP/withWIMP/diff/D/sig: 7500.672212 7493.597475 -7.074737 14.149475 0.000846
noWIMP/withWIMP/diff/D/sig: 7655.313935 7646.456487 -8.857448 17.714896 0.000142
noWIMP/withWIMP/diff/D/sig: 7536.570508 7527.556817 -9.013690 18.027381 0.000122
noWIMP/withWIMP/diff/D/sig: 7562.959710 7551.915109 -11.044601 22.089202 0.000016
noWIMP/withWIMP/diff/D/sig: 7539.886665 7532.200875 -7.685790 15.371580 0.000459
noWIMP/withWIMP/diff/D/sig: 7488.697832 7479.662941 -9.034891 18.069782 0.000119
noWIMP/withWIMP/diff/D/sig: 7005.830434 7002.222693 -3.607741 7.215482 0.027113
noWIMP/withWIMP/diff/D/sig: 7036.449222 7032.312748 -4.136474 8.272948 0.015979
noWIMP/withWIMP/diff/D/sig: 7462.686741 7454.015169 -8.671572 17.343143 0.000171
noWIMP/withWIMP/diff/D/sig: 7597.079873 7590.449432 -6.630441 13.260882 0.001320
noWIMP/withWIMP/diff/D/sig: 7586.684036 7572.756284 -13.927752 27.855505 0.000001
noWIMP/withWIMP/diff/D/sig: 7556.027968 7548.768742 -7.259227 14.518453 0.000704
noWIMP/withWIMP/diff/D/sig: 7693.655525 7685.004004 -8.651521 17.303042 0.000175
noWIMP/withWIMP/diff/D/sig: 6989.564032 6987.640552 -1.923480 3.846960 0.146098
noWIMP/withWIMP/diff/D/sig: 7216.684123 7211.177025 -5.507098 11.014197 0.004058
noWIMP/withWIMP/diff/D/sig: 7694.990278 7688.807993 -6.182286 12.364571 0.002066
noWIMP/withWIMP/diff/D/sig: 7534.833538 7523.263842 -11.569696 23.139392 0.000009
noWIMP/withWIMP/diff/D/sig: 7594.152785 7585.797384 -8.355401 16.710802 0.000235
noWIMP/withWIMP/diff/D/sig: 7733.616159 7728.401221 -5.214938 10.429875 0.005435
noWIMP/withWIMP/diff/D/sig: 7522.172379 7510.796775 -11.375604 22.751207 0.000011
noWIMP/withWIMP/diff/D/sig: 7488.364422 7481.100832 -7.263591 14.527181 0.000701
noWIMP/withWIMP/diff/D/sig: 7564.125835 7557.828147 -6.297688 12.595376 0.001841
noWIMP/withWIMP/diff/D/sig: 7060.647795 7058.428596 -2.219199 4.438398 0.108696
noWIMP/withWIMP/diff/D/sig: 7488.003832 7481.652064 -6.351768 12.703536 0.001744
noWIMP/withWIMP/diff/D/sig: 7471.036986 7466.340811 -4.696175 9.392349 0.009130
noWIMP/withWIMP/diff/D/sig: 7755.667052 7750.580951 -5.086101 10.172202 0.006182
noWIMP/withWIMP/diff/D/sig: 7083.601614 7079.497528 -4.104086 8.208172 0.016505
noWIMP/withWIMP/diff/D/sig: 7625.672364 7616.687370 -8.984994 17.969989 0.000125
noWIMP/withWIMP/diff/D/sig: 7577.894548 7566.454189 -11.440359 22.880718 0.000011
noWIMP/withWIMP/diff/D/sig: 7505.604803 7498.282840 -7.321963 14.643925 0.000661
noWIMP/withWIMP/diff/D/sig: 7459.579682 7453.813087 -5.766595 11.533191 0.003130
noWIMP/withWIMP/diff/D/sig: 7819.624494 7808.427209 -11.197286 22.394571 0.000014
noWIMP/withWIMP/diff/D/sig: 7502.603038 7494.851986 -7.751051 15.502103 0.000430
noWIMP/withWIMP/diff/D/sig: 7428.948247 7422.873499 -6.074748 12.149496 0.002300
noWIMP/withWIMP/diff/D/sig: 7576.757836 7569.192673 -7.565163 15.130325 0.000518
noWIMP/withWIMP/diff/D/sig: 7588.775918 7579.086934 -9.688984 19.377969 0.000062
noWIMP/withWIMP/diff/D/sig: 7464.963961 7455.645722 -9.318239 18.636477 0.000090
noWIMP/withWIMP/diff/D/sig: 7126.528963 7122.011280 -4.517684 9.035367 0.010914
noWIMP/withWIMP/diff/D/sig: 7162.936973 7157.539737 -5.397236 10.794473 0.004529
noWIMP/withWIMP/diff/D/sig: 7667.899538 7658.194554 -9.704984 19.409968 0.000061
noWIMP/withWIMP/diff/D/sig: 7666.829594 7659.516881 -7.312712 14.625425 0.000667
noWIMP/withWIMP/diff/D/sig: 7652.242176 7640.728586 -11.513590 23.027180 0.000010
noWIMP/withWIMP/diff/D/sig: 7650.374655 7643.053054 -7.321601 14.643202 0.000661
noWIMP/withWIMP/diff/D/sig: 7071.197942 7067.530575 -3.667367 7.334733 0.025544
noWIMP/withWIMP/diff/D/sig: 7616.628426 7605.503601 -11.124824 22.249648 0.000015
noWIMP/withWIMP/diff/D/sig: 7437.561893 7431.185831 -6.376062 12.752124 0.001702
noWIMP/withWIMP/diff/D/sig: 7171.329220 7168.709219 -2.620001 5.240002 0.072803
noWIMP/withWIMP/diff/D/sig: 7653.421063 7646.019341 -7.401722 14.803443 0.000610
noWIMP/withWIMP/diff/D/sig: 7667.274059 7659.682647 -7.591412 15.182824 0.000505
noWIMP/withWIMP/diff/D/sig: 7775.204865 7768.854182 -6.350683 12.701365 0.001746
noWIMP/withWIMP/diff/D/sig: 7487.942063 7480.966648 -6.975414 13.950829 0.000935
noWIMP/withWIMP/diff/D/sig: 7468.355488 7458.445842 -9.909646 19.819291 0.000050
noWIMP/withWIMP/diff/D/sig: 7572.377913 7566.843771 -5.534142 11.068283 0.003950
noWIMP/withWIMP/diff/D/sig: 7629.434897 7618.916895 -10.518003 21.036006 0.000027
noWIMP/withWIMP/diff/D/sig: 7699.334488 7693.726980 -5.607509 11.215017 0.003670
noWIMP/withWIMP/diff/D/sig: 7527.227950 7522.549486 -4.678464 9.356929 0.009293
noWIMP/withWIMP/diff/D/sig: 7397.037535 7388.366833 -8.670702 17.341404 0.000172
noWIMP/withWIMP/diff/D/sig: 7611.019718 7605.228438 -5.791280 11.582560 0.003054
noWIMP/withWIMP/diff/D/sig: 7048.385913 7044.332343 -4.053570 8.107139 0.017360
noWIMP/withWIMP/diff/D/sig: 6817.344347 6811.031783 -6.312564 12.625128 0.001813
noWIMP/withWIMP/diff/D/sig: 7507.363900 7501.418609 -5.945290 11.890581 0.002618
noWIMP/withWIMP/diff/D/sig: 7691.644821 7682.012872 -9.631949 19.263898 0.000066
noWIMP/withWIMP/diff/D/sig: 7602.237070 7593.691421 -8.545649 17.091298 0.000194
noWIMP/withWIMP/diff/D/sig: 7004.554381 6999.076582 -5.477800 10.955599 0.004179
noWIMP/withWIMP/diff/D/sig: 7644.074134 7635.822866 -8.251268 16.502536 0.000261
noWIMP/withWIMP/diff/D/sig: 7663.837635 7657.495686 -6.341949 12.683899 0.001761
noWIMP/withWIMP/diff/D/sig: 7624.842634 7617.374070 -7.468563 14.937127 0.000571
noWIMP/withWIMP/diff/D/sig: 7548.118929 7544.365978 -3.752951 7.505901 0.023448
noWIMP/withWIMP/diff/D/sig: 7571.636546 7564.533747 -7.102799 14.205598 0.000823
noWIMP/withWIMP/diff/D/sig: 7765.810036 7759.293024 -6.517012 13.034023 0.001478
noWIMP/withWIMP/diff/D/sig: 7215.305892 7212.682781 -2.623111 5.246222 0.072577
noWIMP/withWIMP/diff/D/sig: 7750.086893 7740.477492 -9.609401 19.218802 0.000067
noWIMP/withWIMP/diff/D/sig: 7635.619349 7621.778927 -13.840422 27.680845 0.000001
noWIMP/withWIMP/diff/D/sig: 7666.702348 7659.231028 -7.471320 14.942641 0.000569
noWIMP/withWIMP/diff/D/sig: 7631.146569 7627.972880 -3.173688 6.347377 0.041849
noWIMP/withWIMP/diff/D/sig: 7582.452482 7575.738821 -6.713662 13.427323 0.001214
noWIMP/withWIMP/diff/D/sig: 7135.363379 7130.230832 -5.132547 10.265094 0.005902
noWIMP/withWIMP/diff/D/sig: 7636.985737 7629.362413 -7.623324 15.246648 0.000489
noWIMP/withWIMP/diff/D/sig: 7179.331362 7177.702918 -1.628444 3.256888 0.196235
noWIMP/withWIMP/diff/D/sig: 7787.235618 7781.367221 -5.868397 11.736794 0.002827
noWIMP/withWIMP/diff/D/sig: 7672.722443 7665.658803 -7.063640 14.127280 0.000856
noWIMP/withWIMP/diff/D/sig: 7184.951580 7180.986015 -3.965565 7.931131 0.018957
